Opt_connettivity: False
Electron: 20
Charge: +0
Spin: 0.0
E_tot: -10.247510904545
ZPE: 0.018579303380
H(0K): -10.228931601165002
H(10K): -10.228804925150
G(10K): -10.229290292419
