Opt_connettivity: True
Electron: 11
Charge: +0
Spin: 1.5
E_tot: -5.483643447639
ZPE: 0.035939239156
H(0K): -5.4477042084830005
H(10K): -5.447577532468
G(10K): -5.447977203643
