Opt_connettivity: True
Electron: 8
Charge: +0
Spin: 1.5
E_tot: -3.948846547754
ZPE: 0.004423435132
H(0K): -3.944423112622
H(10K): -3.944312271108
G(10K): -3.944661043164
