Opt_connettivity: True
Electron: 13
Charge: +0
Spin: 0.5
E_tot: -6.930410667839
ZPE: 0.008508936757
H(0K): -6.921901731082
H(10K): -6.921790889568
G(10K): -6.922230050749
file: C2N1_0_S_1
Spin_M: 2
