Opt_connettivity: True
Electron: 15
Charge: +0
Spin: 0.5
E_tot: -8.102622936346
ZPE: 0.030314985550
H(0K): -8.072307950796
H(10K): -8.072181274781
G(10K): -8.072635174679
