Opt_connettivity: True
Electron: 14
Charge: +0
Spin: 0.0
E_tot: -7.222805080213
ZPE: 0.027499071712
H(0K): -7.195306008501
H(10K): -7.195179332484
G(10K): -7.195622399641
file: H2C3_3_S_0
Spin_M: 1
