Opt_connettivity: True
Electron: 10
Charge: +0
Spin: 1.0
E_tot: -5.029428724960
ZPE: 0.023523189339
H(0K): -5.005905535620999
H(10K): -5.005778859605
G(10K): -5.006171679500
