Opt_connettivity: False
Electron: 20
Charge: +0
Spin: 1.0
E_tot: -10.199165118057
ZPE: 0.016349624391
H(0K): -10.182815493666
H(10K): -10.182688817650
G(10K): -10.183242632558
