Opt_connettivity: False
Electron: 21
Charge: +0
Spin: 0.5
E_tot: -11.183185518134
ZPE: 0.018150685809
H(0K): -11.165034832325
H(10K): -11.164908156277
G(10K): -11.165325214649
