Opt_connettivity: False
Electron: 17
Charge: +0
Spin: 1.5
E_tot: -8.621211992716
ZPE: 0.021987685683
H(0K): -8.599224307033001
H(10K): -8.599097631017
G(10K): -8.599624391535
