Opt_connettivity: True
Electron: 17
Charge: +0
Spin: 1.5
E_tot: -8.624456241946
ZPE: 0.021867603032
H(0K): -8.602588638914
H(10K): -8.602461850853
G(10K): -8.602989569655
