Opt_connettivity: False
Electron: 17
Charge: +0
Spin: 0.5
E_tot: -8.983449084036
ZPE: 0.012288272914
H(0K): -8.971160811122
H(10K): -8.971034135106
G(10K): -8.971548071743
