Opt_connettivity: True
Electron: 20
Charge: +0
Spin: 1.0
E_tot: -10.199165925730
ZPE: 0.016351718665
H(0K): -10.182814207065
H(10K): -10.182687531050
G(10K): -10.183241330080
