Opt_connettivity: True
Electron: 6
Charge: +0
Spin: 0.0
E_tot: -2.967481477409
ZPE: 0.016261562536
H(0K): -2.951219914873
H(10K): -2.951093238857
G(10K): -2.951381397063
file: H2C1_0_S_0
Spin_M: 1
