Opt_connettivity: False
Electron: 15
Charge: +0
Spin: 0.5
E_tot: -7.988781633283
ZPE: 0.029140226637
H(0K): -7.959641406646
H(10K): -7.959514730630
G(10K): -7.960003673075
