Opt_connettivity: True
Electron: 6
Charge: +0
Spin: 1.0
E_tot: -3.201747393797
ZPE: 0.007473492762
H(0K): -3.194273901035
H(10K): -3.194163059521
G(10K): -3.194440185907
