Opt_connettivity: False
Electron: 18
Charge: +0
Spin: 0.0
E_tot: -10.312362209293
ZPE: 0.015385047663
H(0K): -10.296977161629998
H(10K): -10.296866320117
G(10K): -10.297350030638
