Opt_connettivity: False
Electron: 21
Charge: +0
Spin: 0.5
E_tot: -11.070877157899
ZPE: 0.018500659857
H(0K): -11.052376498042
H(10K): -11.052249822026
G(10K): -11.052769879071
