Opt_connettivity: True
Electron: 21
Charge: +0
Spin: 0.5
E_tot: -11.070878229565
ZPE: 0.018511516975
H(0K): -11.05236671259
H(10K): -11.052240036574
G(10K): -11.052760074486
file: C4N1_56_S_1
Spin_M: 2
