Opt_connettivity: True
Electron: 6
Charge: +0
Spin: 0.0
E_tot: -3.769421097344
ZPE: 0.000000000000
H(0K): -3.769421097344
H(10K): -3.769341924834
G(10K): -3.769618910834
