Opt_connettivity: True
Electron: 18
Charge: +0
Spin: 0.0
E_tot: -11.197756609992
ZPE: 0.031192728424
H(0K): -11.166563881568
H(10K): -11.166437205552
G(10K): -11.166915636006
