Opt_connettivity: True
Electron: 16
Charge: +0
Spin: 1.0
E_tot: -8.821908146721
ZPE: 0.029560253196
H(0K): -8.792347893525001
H(10K): -8.792221217510
G(10K): -8.792708349655
