Opt_connettivity: True
Electron: 21
Charge: +0
Spin: 0.5
E_tot: -11.049361674021
ZPE: 0.016754136394
H(0K): -11.032607537627
H(10K): -11.032480861612
G(10K): -11.033007828527
file: C4N1_40_S_1
Spin_M: 2
