Opt_connettivity: False
Electron: 21
Charge: +0
Spin: 0.5
E_tot: -11.076205704829
ZPE: 0.016547118717
H(0K): -11.059658586112
H(10K): -11.059531910097
G(10K): -11.060087631742
