Opt_connettivity: True
Electron: 9
Charge: +0
Spin: 0.5
E_tot: -4.577904319800
ZPE: 0.014189368739
H(0K): -4.563714951061
H(10K): -4.563604109547
G(10K): -4.563982393491
file: H1C2_0_S_1
Spin_M: 2
