Opt_connettivity: False
Electron: 17
Charge: +0
Spin: 0.5
E_tot: -8.716496241921
ZPE: 0.023996297854
H(0K): -8.692499944067
H(10K): -8.692373268051
G(10K): -8.692890789076
