Opt_connettivity: True
Electron: 16
Charge: +0
Spin: 1.0
E_tot: -8.684979934675
ZPE: 0.031514633025
H(0K): -8.653465301650002
H(10K): -8.653338625635
G(10K): -8.653828304371
