Opt_connettivity: True
Electron: 21
Charge: +0
Spin: 0.5
E_tot: -11.069186618341
ZPE: 0.016691639992
H(0K): -11.052494978349
H(10K): -11.052368302334
G(10K): -11.052925323999
file: C4N1_28_S_1
Spin_M: 2
