Opt_connettivity: True
Electron: 21
Charge: +0
Spin: 0.5
E_tot: -11.028918286268
ZPE: 0.016704530871
H(0K): -11.012213755397001
H(10K): -11.012087079382
G(10K): -11.012610271754
