Opt_connettivity: True
Electron: 10
Charge: +0
Spin: 0.0
E_tot: -6.121850243718
ZPE: 0.005062131020
H(0K): -6.116788112698
H(10K): -6.116677271184
G(10K): -6.117053036906
file: C1O1_0_S_0
Spin_M: 1
