Opt_connettivity: False
Electron: 21
Charge: +0
Spin: 1.5
E_tot: -11.002391045649
ZPE: 0.016427524902
H(0K): -10.985963520747001
H(10K): -10.985836844732
G(10K): -10.986393830429
