Opt_connettivity: True
Electron: 16
Charge: +0
Spin: 1.0
E_tot: -9.928169509305
ZPE: 0.008037481744
H(0K): -9.920132027561001
H(10K): -9.920005351546
G(10K): -9.920467719706
