Opt_connettivity: True
Electron: 16
Charge: +0
Spin: 0.0
E_tot: -8.902090818429
ZPE: 0.031189661338
H(0K): -8.870901157091
H(10K): -8.870774481075
G(10K): -8.871242622347
file: H2C1N2_4_S_0
Spin_M: 1
