Opt_connettivity: True
Electron: 17
Charge: +0
Spin: 1.5
E_tot: -8.877883551958
ZPE: 0.011247791820
H(0K): -8.866635760138
H(10K): -8.866509084123
G(10K): -8.867030042771
