Opt_connettivity: True
Electron: 18
Charge: +0
Spin: 0.0
E_tot: -9.593121331736
ZPE: 0.023969871691
H(0K): -9.569151460045001
H(10K): -9.569024784029
G(10K): -9.569551228549
