Opt_connettivity: False
Electron: 17
Charge: +0
Spin: 0.5
E_tot: -8.983448972819
ZPE: 0.012303589919
H(0K): -8.9711453829
H(10K): -8.971018706884
G(10K): -8.971532623997
