Opt_connettivity: True
Electron: 21
Charge: +0
Spin: 0.5
E_tot: -11.151410259109
ZPE: 0.019092557596
H(0K): -11.132317701513
H(10K): -11.132191025497
G(10K): -11.132752389775
file: C4N1_22_S_1
Spin_M: 2
