Opt_connettivity: True
Electron: 2
Charge: +0
Spin: 0.0
E_tot: -0.982685488593
ZPE: 0.008518410112
H(0K): -0.9741670784809999
H(10K): -0.974056236967
G(10K): -0.974178917332
file: H2_0_S_0
Spin_M: 1
