Opt_connettivity: True
Electron: 18
Charge: +0
Spin: 0.0
E_tot: -9.726629127560
ZPE: 0.026365105306
H(0K): -9.700264022254
H(10K): -9.700153180740
G(10K): -9.700637437793
