Opt_connettivity: True
Electron: 16
Charge: +0
Spin: 1.0
E_tot: -9.677595357680
ZPE: 0.008427089534
H(0K): -9.669168268145999
H(10K): -9.669041592130
G(10K): -9.669521289078
