Opt_connettivity: True
Electron: 21
Charge: +0
Spin: 0.5
E_tot: -11.043327637384
ZPE: 0.014959343347
H(0K): -11.028368294037
H(10K): -11.028241617763
G(10K): -11.028794031715
file: C4N1_35_S_1
Spin_M: 2
