Opt_connettivity: False
Electron: 21
Charge: +0
Spin: 1.5
E_tot: -11.038941134511
ZPE: 0.017750768471
H(0K): -11.021190366039999
H(10K): -11.021063690025
G(10K): -11.021615461880
