Opt_connettivity: True
Electron: 16
Charge: +0
Spin: 1.0
E_tot: -8.808330286327
ZPE: 0.028019120436
H(0K): -8.780311165891
H(10K): -8.780184489194
G(10K): -8.780677449678
