Opt_connettivity: True
Electron: 14
Charge: +0
Spin: 1.0
E_tot: -7.124263090320
ZPE: 0.029682025639
H(0K): -7.094581064681001
H(10K): -7.094454388665
G(10K): -7.094915601356
