Opt_connettivity: True
Electron: 18
Charge: +0
Spin: 1.0
E_tot: -9.494347036060
ZPE: 0.024293577607
H(0K): -9.470053458453
H(10K): -9.469926782438
G(10K): -9.470447461572
