Opt_connettivity: False
Electron: 21
Charge: +0
Spin: 0.5
E_tot: -11.123824294948
ZPE: 0.018668213512
H(0K): -11.105156081435998
H(10K): -11.105029405420
G(10K): -11.105588208501
