Opt_connettivity: False
Electron: 20
Charge: +0
Spin: 1.0
E_tot: -10.243022218556
ZPE: 0.016958014991
H(0K): -10.226064203565
H(10K): -10.225937518202
G(10K): -10.226472322372
