Opt_connettivity: False
Electron: 21
Charge: +0
Spin: 0.5
E_tot: -11.062692728266
ZPE: 0.018406978984
H(0K): -11.044285749282
H(10K): -11.044159073266
G(10K): -11.044667063707
