Opt_connettivity: True
Electron: 16
Charge: +0
Spin: 0.0
E_tot: -8.890718868030
ZPE: 0.033357623542
H(0K): -8.857361244487999
H(10K): -8.857234568473
G(10K): -8.857699279209
file: H2C1N2_13_S_0
Spin_M: 1
