Opt_connettivity: True
Electron: 11
Charge: +0
Spin: 1.5
E_tot: -5.760830578260
ZPE: 0.022409103487
H(0K): -5.738421474773
H(10K): -5.738294798758
G(10K): -5.738717012466
