Opt_connettivity: True
Electron: 12
Charge: +0
Spin: 1.5
E_tot: -7.904118222395
ZPE: 0.003714108575
H(0K): -7.90040411382
H(10K): -7.900293272306
G(10K): -7.900662729946
