Opt_connettivity: True
Electron: 18
Charge: +0
Spin: 1.0
E_tot: -9.492611047069
ZPE: 0.024215223663
H(0K): -9.468395823405999
H(10K): -9.468269147391
G(10K): -9.468789489450
file: H1C3N1_27_S_2
Spin_M: 3
