Opt_connettivity: True
Electron: 17
Charge: +0
Spin: 0.5
E_tot: -8.993327442512
ZPE: 0.012201764655
H(0K): -8.981125677857
H(10K): -8.980999001842
G(10K): -8.981497089022
