Opt_connettivity: True
Electron: 15
Charge: +0
Spin: 1.5
E_tot: -8.781169686680
ZPE: 0.007561947937
H(0K): -8.773607738743
H(10K): -8.773481062727
G(10K): -8.773960624758
