Opt_connettivity: False
Electron: 18
Charge: +0
Spin: 0.0
E_tot: -9.578461252118
ZPE: 0.025039497050
H(0K): -9.553421755068
H(10K): -9.553295079053
G(10K): -9.553813743373
