Opt_connettivity: False
Electron: 21
Charge: +0
Spin: 0.5
E_tot: -11.088056562634
ZPE: 0.017655682486
H(0K): -11.070400880148
H(10K): -11.070274204132
G(10K): -11.070824024564
