Opt_connettivity: True
Electron: 11
Charge: +0
Spin: 0.5
E_tot: -5.584891184894
ZPE: 0.034366910384
H(0K): -5.550524274510001
H(10K): -5.550397598494
G(10K): -5.550797072454
file: H3C2_0_S_1
Spin_M: 2
