Opt_connettivity: True
Electron: 16
Charge: +0
Spin: 1.0
E_tot: -9.141117060850
ZPE: 0.030338226737
H(0K): -9.110778834113
H(10K): -9.110652158098
G(10K): -9.111141636045
