Opt_connettivity: True
Electron: 9
Charge: +0
Spin: 1.5
E_tot: -4.387937256488
ZPE: 0.011586651051
H(0K): -4.376350605437
H(10K): -4.376223929422
G(10K): -4.376625416405
