Opt_connettivity: True
Electron: 16
Charge: +0
Spin: 1.0
E_tot: -8.743137332009
ZPE: 0.029004543170
H(0K): -8.714132788839
H(10K): -8.714006112824
G(10K): -8.714498649597
