Opt_connettivity: False
Electron: 21
Charge: +0
Spin: 1.5
E_tot: -11.088719246675
ZPE: 0.017188692218
H(0K): -11.071530554457
H(10K): -11.071403878315
G(10K): -11.071911173319
