Opt_connettivity: True
Electron: 16
Charge: +0
Spin: 1.0
E_tot: -9.188459589164
ZPE: 0.029368722684
H(0K): -9.15909086648
H(10K): -9.158964190464
G(10K): -9.159455209851
