Opt_connettivity: True
Electron: 20
Charge: +0
Spin: 0.0
E_tot: -10.247510429472
ZPE: 0.018572820930
H(0K): -10.228937608542
H(10K): -10.228810932526
G(10K): -10.229296296286
file: C5_12_S_0
Spin_M: 1
