Opt_connettivity: True
Electron: 12
Charge: +0
Spin: 0.0
E_tot: -6.091562872798
ZPE: 0.007945188767
H(0K): -6.083617684031
H(10K): -6.083491007899
G(10K): -6.083923294593
file: C3_0_S_0
Spin_M: 1
