Opt_connettivity: True
Electron: 15
Charge: +0
Spin: 1.5
E_tot: -7.912788311548
ZPE: 0.027856530643
H(0K): -7.884931780905
H(10K): -7.884805104889
G(10K): -7.885292896840
