Opt_connettivity: False
Electron: 13
Charge: +0
Spin: 1.5
E_tot: -6.782849058786
ZPE: 0.007329103753
H(0K): -6.775519955032999
H(10K): -6.775393279018
G(10K): -6.775843683422
