Opt_connettivity: False
Electron: 18
Charge: +0
Spin: 0.0
E_tot: -9.584861056682
ZPE: 0.025040288859
H(0K): -9.559820767823
H(10K): -9.559694091807
G(10K): -9.560212931629
