Opt_connettivity: True
Electron: 11
Charge: +0
Spin: 1.5
E_tot: -6.368898601153
ZPE: 0.013056098890
H(0K): -6.355842502263
H(10K): -6.355715826248
G(10K): -6.356122444879
