Opt_connettivity: False
Electron: 21
Charge: +0
Spin: 1.5
E_tot: -11.096036918699
ZPE: 0.017245593600
H(0K): -11.078791325098999
H(10K): -11.078664643196
G(10K): -11.079115304519
