Opt_connettivity: True
Electron: 16
Charge: +0
Spin: 1.0
E_tot: -8.725267770524
ZPE: 0.030901417954
H(0K): -8.69436635257
H(10K): -8.694239676555
G(10K): -8.694706825068
