Opt_connettivity: True
Electron: 17
Charge: +0
Spin: 0.5
E_tot: -10.779059654639
ZPE: 0.007771602962
H(0K): -10.771288051676999
H(10K): -10.771161375662
G(10K): -10.771640162732
