Opt_connettivity: True
Electron: 18
Charge: +0
Spin: 1.0
E_tot: -9.494347143882
ZPE: 0.024294643235
H(0K): -9.470052500647
H(10K): -9.469925824631
G(10K): -9.470446499889
