Opt_connettivity: False
Electron: 7
Charge: +0
Spin: 1.5
E_tot: -4.161490389795
ZPE: 0.000224742492
H(0K): -4.161265647303001
H(10K): -4.161154805482
G(10K): -4.161506315338
