Opt_connettivity: True
Electron: 11
Charge: +0
Spin: 0.5
E_tot: -6.828340823349
ZPE: 0.004448972877
H(0K): -6.823891850472
H(10K): -6.823781008958
G(10K): -6.824164274137
