Opt_connettivity: True
Electron: 21
Charge: +0
Spin: 0.5
E_tot: -11.076205534468
ZPE: 0.016540786813
H(0K): -11.059664747655
H(10K): -11.059538071639
G(10K): -11.060093801329
file: C4N1_18_S_1
Spin_M: 2
