Opt_connettivity: True
Electron: 21
Charge: +0
Spin: 0.5
E_tot: -11.119689138736
ZPE: 0.017360507500
H(0K): -11.102328631236
H(10K): -11.102201955220
G(10K): -11.102761803553
file: C4N1_19_S_1
Spin_M: 2
