Opt_connettivity: True
Electron: 17
Charge: +0
Spin: 1.5
E_tot: -8.851115239928
ZPE: 0.009691437574
H(0K): -8.841423802353999
H(10K): -8.841297126338
G(10K): -8.841773858916
