Opt_connettivity: False
Electron: 18
Charge: +0
Spin: 0.0
E_tot: -9.537905687236
ZPE: 0.024887638920
H(0K): -9.513018048316
H(10K): -9.512891372300
G(10K): -9.513410390329
