Opt_connettivity: True
Electron: 21
Charge: +0
Spin: 0.5
E_tot: -11.183185602889
ZPE: 0.018124219965
H(0K): -11.165061382924002
H(10K): -11.164934706863
G(10K): -11.165352903921
