Opt_connettivity: True
Electron: 18
Charge: +0
Spin: 1.0
E_tot: -9.518089845215
ZPE: 0.023919274646
H(0K): -9.494170570569
H(10K): -9.494043894553
G(10K): -9.494564624828
file: H1C3N1_23_S_2
Spin_M: 3
