Opt_connettivity: False
Electron: 18
Charge: +0
Spin: 0.0
E_tot: -9.584861320975
ZPE: 0.025036795458
H(0K): -9.559824525517
H(10K): -9.559697849502
G(10K): -9.560216685418
