Opt_connettivity: False
Electron: 21
Charge: +0
Spin: 0.5
E_tot: -11.088056613417
ZPE: 0.017646672614
H(0K): -11.070409940803001
H(10K): -11.070283264788
G(10K): -11.070833085938
