Opt_connettivity: True
Electron: 20
Charge: +0
Spin: 1.0
E_tot: -10.273375869123
ZPE: 0.017065874334
H(0K): -10.256309994789001
H(10K): -10.256199153244
G(10K): -10.256687015393
