Opt_connettivity: False
Electron: 18
Charge: +0
Spin: 0.0
E_tot: -9.578461833955
ZPE: 0.025046843452
H(0K): -9.553414990503
H(10K): -9.553288314488
G(10K): -9.553806959859
