Opt_connettivity: True
Electron: 16
Charge: +0
Spin: 1.0
E_tot: -10.070601569129
ZPE: 0.008100146830
H(0K): -10.062501422299
H(10K): -10.062374746283
G(10K): -10.062836127111
