Opt_connettivity: False
Electron: 20
Charge: +0
Spin: 1.0
E_tot: -10.197538487939
ZPE: 0.015554465460
H(0K): -10.181984022479
H(10K): -10.181857346463
G(10K): -10.182406092225
