Opt_connettivity: True
Electron: 16
Charge: +0
Spin: 1.0
E_tot: -9.099386286164
ZPE: 0.028522986426
H(0K): -9.070863299738
H(10K): -9.070736623722
G(10K): -9.071231675239
