Opt_connettivity: False
Electron: 21
Charge: +0
Spin: 0.5
E_tot: -11.049275021541
ZPE: 0.016693153381
H(0K): -11.03258186816
H(10K): -11.032455192143
G(10K): -11.033011209312
