Opt_connettivity: True
Electron: 18
Charge: +0
Spin: 1.0
E_tot: -9.480127826916
ZPE: 0.021329664312
H(0K): -9.458798162604
H(10K): -9.458671486581
G(10K): -9.459202347095
file: H1C3N1_21_S_2
Spin_M: 3
