Opt_connettivity: True
Electron: 8
Charge: +0
Spin: 0.0
E_tot: -4.175218442642
ZPE: 0.044808638413
H(0K): -4.130409804228999
H(10K): -4.130283128213
G(10K): -4.130559573796
file: H4C1_0_S_0
Spin_M: 1
