Opt_connettivity: True
Electron: 21
Charge: +0
Spin: 0.5
E_tot: -11.157978255259
ZPE: 0.017600573086
H(0K): -11.140377682173
H(10K): -11.140251006137
G(10K): -11.140654926515
file: C4N1_6_S_1
Spin_M: 2
