Opt_connettivity: True
Electron: 21
Charge: +0
Spin: 1.5
E_tot: -11.131096362466
ZPE: 0.018040443280
H(0K): -11.113055919186
H(10K): -11.112929243139
G(10K): -11.113360479023
