Opt_connettivity: True
Electron: 12
Charge: +0
Spin: 0.0
E_tot: -6.415860593908
ZPE: 0.034847169875
H(0K): -6.381013424032999
H(10K): -6.380886748017
G(10K): -6.381288621272
