Opt_connettivity: False
Electron: 18
Charge: +0
Spin: 1.0
E_tot: -9.518123748007
ZPE: 0.023254735724
H(0K): -9.494869012282999
H(10K): -9.494742336268
G(10K): -9.495269809425
