Opt_connettivity: False
Electron: 20
Charge: +0
Spin: 1.0
E_tot: -10.199164099130
ZPE: 0.016350503874
H(0K): -10.182813595256
H(10K): -10.182686919241
G(10K): -10.183240734643
