Opt_connettivity: True
Electron: 20
Charge: +0
Spin: 0.0
E_tot: -9.970102284750
ZPE: 0.012187867288
H(0K): -9.957914417462
H(10K): -9.957787741446
G(10K): -9.958267798538
