Opt_connettivity: True
Electron: 20
Charge: +0
Spin: 0.0
E_tot: -10.233196204961
ZPE: 0.015882115615
H(0K): -10.217314089346
H(10K): -10.217187413331
G(10K): -10.217713759076
