Opt_connettivity: True
Electron: 21
Charge: +0
Spin: 1.5
E_tot: -11.026083986805
ZPE: 0.016809751642
H(0K): -11.009274235163
H(10K): -11.009147559147
G(10K): -11.009705350820
file: C4N1_42_S_3
Spin_M: 4
