Opt_connettivity: True
Electron: 11
Charge: +0
Spin: 0.5
E_tot: -6.525376420077
ZPE: 0.012196758763
H(0K): -6.513179661314
H(10K): -6.513052985299
G(10K): -6.513453925319
