Opt_connettivity: False
Electron: 21
Charge: +0
Spin: 1.5
E_tot: -11.078270004032
ZPE: 0.017665970222
H(0K): -11.06060403381
H(10K): -11.060477357793
G(10K): -11.061015291303
