Opt_connettivity: False
Electron: 18
Charge: +0
Spin: 1.0
E_tot: -9.547123163230
ZPE: 0.025166141792
H(0K): -9.521957021437998
H(10K): -9.521830345422
G(10K): -9.522357376151
