Opt_connettivity: True
Electron: 21
Charge: +0
Spin: 1.5
E_tot: -10.958230587514
ZPE: 0.017106602013
H(0K): -10.941123985501001
H(10K): -10.940997309485
G(10K): -10.941521426071
