Opt_connettivity: True
Electron: 18
Charge: +0
Spin: 0.0
E_tot: -9.597448998914
ZPE: 0.024144757519
H(0K): -9.573304241395
H(10K): -9.573177565379
G(10K): -9.573698126907
