Opt_connettivity: False
Electron: 21
Charge: +0
Spin: 1.5
E_tot: -10.977608065509
ZPE: 0.016243966805
H(0K): -10.961364098704
H(10K): -10.961237422688
G(10K): -10.961782548074
