Opt_connettivity: True
Electron: 4
Charge: +0
Spin: 0.5
E_tot: -1.795110518160
ZPE: 0.000000000000
H(0K): -1.79511051816
H(10K): -1.795031345650
G(10K): -1.795294716644
