Opt_connettivity: False
Electron: 20
Charge: +0
Spin: 0.0
E_tot: -10.228044658150
ZPE: 0.017061656112
H(0K): -10.210983002038
H(10K): -10.210856326023
G(10K): -10.211412215919
