Opt_connettivity: False
Electron: 21
Charge: +0
Spin: 0.5
E_tot: -11.071021628496
ZPE: 0.016323122278
H(0K): -11.054698506218001
H(10K): -11.054571830203
G(10K): -11.055114944660
