Opt_connettivity: True
Electron: 18
Charge: +0
Spin: 1.0
E_tot: -9.452148170402
ZPE: 0.021092103841
H(0K): -9.431056066561
H(10K): -9.430929390546
G(10K): -9.431458524429
file: H1C3N1_14_S_2
Spin_M: 3
