Opt_connettivity: True
Electron: 16
Charge: +0
Spin: 0.0
E_tot: -8.066339961056
ZPE: 0.009608475918
H(0K): -8.056731485138
H(10K): -8.056604809123
G(10K): -8.057075217112
