Opt_connettivity: True
Electron: 18
Charge: +0
Spin: 0.0
E_tot: -9.584861356501
ZPE: 0.025037916939
H(0K): -9.559823439561999
H(10K): -9.559696763546
G(10K): -9.560215592747
file: H1C3N1_32_S_0
Spin_M: 1
