Opt_connettivity: True
Electron: 17
Charge: +0
Spin: 0.5
E_tot: -8.983448756086
ZPE: 0.012322884641
H(0K): -8.971125871445
H(10K): -8.970999195429
G(10K): -8.971513107313
