Opt_connettivity: True
Electron: 18
Charge: +0
Spin: 0.0
E_tot: -11.127887822900
ZPE: 0.028821316921
H(0K): -11.099066505979
H(10K): -11.098939829963
G(10K): -11.099445405855
