Opt_connettivity: True
Electron: 16
Charge: +0
Spin: 0.0
E_tot: -9.216512528619
ZPE: 0.028955845424
H(0K): -9.187556683195
H(10K): -9.187430007180
G(10K): -9.187898733448
