Opt_connettivity: True
Electron: 5
Charge: +0
Spin: 0.5
E_tot: -2.380917295333
ZPE: 0.006288695480
H(0K): -2.374628599853
H(10K): -2.374517758340
G(10K): -2.374793113606
