Opt_connettivity: False
Electron: 18
Charge: +0
Spin: 1.0
E_tot: -9.521837119202
ZPE: 0.021915285751
H(0K): -9.499921833451001
H(10K): -9.499795157435
G(10K): -9.500322729086
