Opt_connettivity: False
Electron: 21
Charge: +0
Spin: 1.5
E_tot: -11.096039934822
ZPE: 0.017228918875
H(0K): -11.078811015947
H(10K): -11.078684333995
G(10K): -11.079099257685
