Opt_connettivity: True
Electron: 15
Charge: +0
Spin: 0.5
E_tot: -7.955659569291
ZPE: 0.031562267518
H(0K): -7.924097301773
H(10K): -7.923970625757
G(10K): -7.924434907953
file: H2C2N1_13_S_1
Spin_M: 2
