Opt_connettivity: False
Electron: 21
Charge: +0
Spin: 1.5
E_tot: -11.078270315239
ZPE: 0.017665559013
H(0K): -11.060604756225999
H(10K): -11.060478080208
G(10K): -11.061016029792
