Opt_connettivity: True
Electron: 12
Charge: +0
Spin: 0.0
E_tot: -6.301697988378
ZPE: 0.036143753237
H(0K): -6.265554235141
H(10K): -6.265427559126
G(10K): -6.265835801308
