Opt_connettivity: False
Electron: 13
Charge: +0
Spin: 1.5
E_tot: -7.350068980361
ZPE: 0.028177216526
H(0K): -7.321891763835
H(10K): -7.321765087819
G(10K): -7.322195477045
