Opt_connettivity: False
Electron: 21
Charge: +0
Spin: 1.5
E_tot: -10.982729659193
ZPE: 0.017955475836
H(0K): -10.964774183357
H(10K): -10.964647507341
G(10K): -10.965191095686
