Opt_connettivity: False
Electron: 13
Charge: +0
Spin: 1.5
E_tot: -6.502207415959
ZPE: 0.016654807357
H(0K): -6.485552608602
H(10K): -6.485425932587
G(10K): -6.485880724351
