Opt_connettivity: True
Electron: 18
Charge: +0
Spin: 1.0
E_tot: -9.578733845188
ZPE: 0.022789380956
H(0K): -9.555944464231999
H(10K): -9.555817788215
G(10K): -9.556327073200
