Opt_connettivity: False
Electron: 18
Charge: +0
Spin: 0.0
E_tot: -9.694947797444
ZPE: 0.024901321386
H(0K): -9.670046476058
H(10K): -9.669919800043
G(10K): -9.670314181529
