Opt_connettivity: False
Electron: 21
Charge: +0
Spin: 1.5
E_tot: -11.026083717838
ZPE: 0.016796925858
H(0K): -11.009286791980001
H(10K): -11.009160115964
G(10K): -11.009717909587
