Opt_connettivity: True
Electron: 14
Charge: +0
Spin: 0.0
E_tot: -7.222307651439
ZPE: 0.029620082142
H(0K): -7.192687569297
H(10K): -7.192560893186
G(10K): -7.193035048342
