Opt_connettivity: True
Electron: 17
Charge: +0
Spin: 1.5
E_tot: -8.912874099386
ZPE: 0.012737529092
H(0K): -8.900136570294
H(10K): -8.900009894225
G(10K): -8.900502653952
file: C3N1_8_S_3
Spin_M: 4
