Opt_connettivity: True
Electron: 16
Charge: +0
Spin: 1.0
E_tot: -9.917956657785
ZPE: 0.006644612399
H(0K): -9.911312045386
H(10K): -9.911185369370
G(10K): -9.911669049917
file: C1O2_1_S_2
Spin_M: 3
