Opt_connettivity: False
Electron: 20
Charge: +0
Spin: 0.0
E_tot: -10.246616128992
ZPE: 0.017116653587
H(0K): -10.229499475405001
H(10K): -10.229372541978
G(10K): -10.229899786795
