Opt_connettivity: False
Electron: 18
Charge: +0
Spin: 1.0
E_tot: -9.494347197599
ZPE: 0.024296049531
H(0K): -9.470051148068
H(10K): -9.469924472052
G(10K): -9.470445154931
