Opt_connettivity: True
Electron: 18
Charge: +0
Spin: 1.0
E_tot: -9.487406262025
ZPE: 0.022090236448
H(0K): -9.465316025577001
H(10K): -9.465183360487
G(10K): -9.465728270453
