Opt_connettivity: False
Electron: 16
Charge: +0
Spin: 0.0
E_tot: -9.318186299431
ZPE: 0.030911617504
H(0K): -9.287274681927
H(10K): -9.287148005911
G(10K): -9.287604189654
