Opt_connettivity: False
Electron: 21
Charge: +0
Spin: 0.5
E_tot: -11.056858771252
ZPE: 0.018602165674
H(0K): -11.038256605577999
H(10K): -11.038129929562
G(10K): -11.038674138753
