Opt_connettivity: False
Electron: 16
Charge: +0
Spin: 0.0
E_tot: -8.890718920145
ZPE: 0.033357264039
H(0K): -8.857361656106
H(10K): -8.857234980091
G(10K): -8.857699684777
