Opt_connettivity: True
Electron: 16
Charge: +0
Spin: 0.0
E_tot: -8.956918658263
ZPE: 0.032647883725
H(0K): -8.924270774538
H(10K): -8.924144098523
G(10K): -8.924621248277
