Opt_connettivity: False
Electron: 18
Charge: +0
Spin: 1.0
E_tot: -10.207904056799
ZPE: 0.013216810389
H(0K): -10.19468724641
H(10K): -10.194560570395
G(10K): -10.195060244621
