Opt_connettivity: True
Electron: 18
Charge: +0
Spin: 0.0
E_tot: -9.537905307937
ZPE: 0.024895000214
H(0K): -9.513010307723
H(10K): -9.512883631708
G(10K): -9.513402638571
file: H1C3N1_33_S_0
Spin_M: 1
