Opt_connettivity: True
Electron: 14
Charge: +0
Spin: 1.0
E_tot: -7.173296501679
ZPE: 0.028935310883
H(0K): -7.144361190796
H(10K): -7.144234514781
G(10K): -7.144685184475
