Opt_connettivity: True
Electron: 12
Charge: +0
Spin: 0.0
E_tot: -7.175648049971
ZPE: 0.025544078632
H(0K): -7.150103971339
H(10K): -7.149977295323
G(10K): -7.150377278684
file: H2C1O1_1_S_0
Spin_M: 1
