Opt_connettivity: True
Electron: 17
Charge: +0
Spin: 1.5
E_tot: -8.930046927787
ZPE: 0.012378670246
H(0K): -8.917668257541001
H(10K): -8.917541581526
G(10K): -8.918043400826
