Opt_connettivity: True
Electron: 14
Charge: +0
Spin: 1.0
E_tot: -8.121121261827
ZPE: 0.008775800465
H(0K): -8.112345461362
H(10K): -8.112234619849
G(10K): -8.112677310521
