Opt_connettivity: False
Electron: 17
Charge: +0
Spin: 1.5
E_tot: -10.729942452852
ZPE: 0.007054092693
H(0K): -10.722888360159
H(10K): -10.722761684143
G(10K): -10.723229911910
