Opt_connettivity: True
Electron: 16
Charge: +0
Spin: 1.0
E_tot: -8.746349098422
ZPE: 0.029700781420
H(0K): -8.716648317001999
H(10K): -8.716521640987
G(10K): -8.717014572297
