Opt_connettivity: True
Electron: 18
Charge: +0
Spin: 0.0
E_tot: -9.632803491410
ZPE: 0.023757384123
H(0K): -9.609046107287
H(10K): -9.608919431271
G(10K): -9.609448769668
