Opt_connettivity: True
Electron: 18
Charge: +0
Spin: 0.0
E_tot: -11.177884057573
ZPE: 0.032412181151
H(0K): -11.145471876421999
H(10K): -11.145345200406
G(10K): -11.145819226823
file: H2C1O2_5_S_0
Spin_M: 1
