Opt_connettivity: True
Electron: 18
Charge: +0
Spin: 0.0
E_tot: -10.312361711228
ZPE: 0.015378220516
H(0K): -10.296983490712
H(10K): -10.296872649199
G(10K): -10.297356346758
file: C3O1_1_S_0
Spin_M: 1
