Opt_connettivity: True
Electron: 21
Charge: +0
Spin: 1.5
E_tot: -11.078268784078
ZPE: 0.017666120429
H(0K): -11.060602663649
H(10K): -11.060475987631
G(10K): -11.061013918092
