Opt_connettivity: True
Electron: 17
Charge: +0
Spin: 1.5
E_tot: -8.645667183470
ZPE: 0.022828566737
H(0K): -8.622838616733
H(10K): -8.622711940718
G(10K): -8.623237415516
