Opt_connettivity: True
Electron: 18
Charge: +0
Spin: 1.0
E_tot: -10.110811790978
ZPE: 0.011886306900
H(0K): -10.098925484078
H(10K): -10.098798808062
G(10K): -10.099304872843
