Opt_connettivity: True
Electron: 8
Charge: +0
Spin: 1.0
E_tot: -3.766677862994
ZPE: 0.006421735627
H(0K): -3.7602561273669997
H(10K): -3.760129451351
G(10K): -3.760431614440
