Opt_connettivity: False
Electron: 16
Charge: +0
Spin: 1.0
E_tot: -8.684980143315
ZPE: 0.031528903781
H(0K): -8.653451239534
H(10K): -8.653324563518
G(10K): -8.653814220641
