Opt_connettivity: False
Electron: 14
Charge: +0
Spin: 1.0
E_tot: -7.124259589563
ZPE: 0.029690163620
H(0K): -7.094569425943
H(10K): -7.094442749927
G(10K): -7.094903949231
