Opt_connettivity: True
Electron: 18
Charge: +0
Spin: 1.0
E_tot: -9.538616445336
ZPE: 0.024483044379
H(0K): -9.514133400957
H(10K): -9.514006724942
G(10K): -9.514527300615
