Opt_connettivity: False
Electron: 16
Charge: +0
Spin: 0.0
E_tot: -8.890718507317
ZPE: 0.033356998714
H(0K): -8.857361508603
H(10K): -8.857234832587
G(10K): -8.857699532001
