Opt_connettivity: True
Electron: 13
Charge: +0
Spin: 0.5
E_tot: -6.900175621906
ZPE: 0.007160113580
H(0K): -6.893015508326
H(10K): -6.892888832310
G(10K): -6.893335921876
