Opt_connettivity: False
Electron: 21
Charge: +0
Spin: 0.5
E_tot: -11.088056439208
ZPE: 0.017653915222
H(0K): -11.070402523985999
H(10K): -11.070275847971
G(10K): -11.070825671084
