Opt_connettivity: False
Electron: 17
Charge: +0
Spin: 1.5
E_tot: -8.924086553749
ZPE: 0.011300311002
H(0K): -8.912786242747
H(10K): -8.912659044932
G(10K): -8.913167183006
