Opt_connettivity: True
Electron: 16
Charge: +0
Spin: 1.0
E_tot: -8.787856813628
ZPE: 0.029044149668
H(0K): -8.75881266396
H(10K): -8.758685987944
G(10K): -8.759172879774
