Opt_connettivity: True
Electron: 5
Charge: +0
Spin: 1.5
E_tot: -2.302947366065
ZPE: 0.006954923463
H(0K): -2.295992442602
H(10K): -2.295881601088
G(10K): -2.296154161708
