Opt_connettivity: True
Electron: 12
Charge: +0
Spin: 1.0
E_tot: -7.043090122971
ZPE: 0.022129457886
H(0K): -7.020960665085
H(10K): -7.020833989069
G(10K): -7.021259870731
