Opt_connettivity: True
Electron: 21
Charge: +0
Spin: 1.5
E_tot: -11.096030513607
ZPE: 0.017241395390
H(0K): -11.078789118217
H(10K): -11.078662437709
G(10K): -11.079126224404
