Opt_connettivity: True
Electron: 15
Charge: +0
Spin: 1.5
E_tot: -7.922008140501
ZPE: 0.028644606827
H(0K): -7.893363533674
H(10K): -7.893236857658
G(10K): -7.893726667465
