Opt_connettivity: False
Electron: 17
Charge: +0
Spin: 1.5
E_tot: -8.941453913508
ZPE: 0.011479465574
H(0K): -8.929974447933999
H(10K): -8.929847768712
G(10K): -8.930349956955
