Opt_connettivity: True
Electron: 21
Charge: +0
Spin: 0.5
E_tot: -11.123824498425
ZPE: 0.018673835462
H(0K): -11.105150662963
H(10K): -11.105023986948
G(10K): -11.105582777735
file: C4N1_21_S_1
Spin_M: 2
