Opt_connettivity: True
Electron: 18
Charge: +0
Spin: 1.0
E_tot: -11.034580388972
ZPE: 0.025772608268
H(0K): -11.008807780704
H(10K): -11.008681104688
G(10K): -11.009190873633
