Opt_connettivity: True
Electron: 21
Charge: +0
Spin: 0.5
E_tot: -11.128739081254
ZPE: 0.017467827789
H(0K): -11.111271253465
H(10K): -11.111144572702
G(10K): -11.111607323436
