Opt_connettivity: False
Electron: 21
Charge: +0
Spin: 0.5
E_tot: -11.070877741080
ZPE: 0.018493564562
H(0K): -11.052384176518
H(10K): -11.052257500502
G(10K): -11.052777563769
