Opt_connettivity: False
Electron: 12
Charge: +0
Spin: 0.0
E_tot: -6.091541216633
ZPE: 0.008019382625
H(0K): -6.083521834008
H(10K): -6.083395157991
G(10K): -6.083830551909
