Opt_connettivity: False
Electron: 21
Charge: +0
Spin: 0.5
E_tot: -11.151411848160
ZPE: 0.019093118456
H(0K): -11.132318729704
H(10K): -11.132192053689
G(10K): -11.132753438894
