Opt_connettivity: True
Electron: 8
Charge: +0
Spin: 1.0
E_tot: -4.781500193752
ZPE: 0.008338373348
H(0K): -4.773161820404
H(10K): -4.773050978890
G(10K): -4.773355324828
