Opt_connettivity: False
Electron: 20
Charge: +0
Spin: 0.0
E_tot: -10.246616153755
ZPE: 0.017119213606
H(0K): -10.229496940149
H(10K): -10.229370072544
G(10K): -10.229896706106
