Opt_connettivity: False
Electron: 18
Charge: +0
Spin: 0.0
E_tot: -9.578461330951
ZPE: 0.025032403166
H(0K): -9.553428927785001
H(10K): -9.553302251770
G(10K): -9.553820901465
