Opt_connettivity: False
Electron: 16
Charge: +0
Spin: 0.0
E_tot: -8.137077107859
ZPE: 0.012235814101
H(0K): -8.124841293758
H(10K): -8.124714617742
G(10K): -8.125184298669
