Opt_connettivity: True
Electron: 11
Charge: +0
Spin: 1.5
E_tot: -5.740969716555
ZPE: 0.025054839335
H(0K): -5.71591487722
H(10K): -5.715788201205
G(10K): -5.716210072534
