Opt_connettivity: True
Electron: 13
Charge: +0
Spin: 1.5
E_tot: -6.582671670178
ZPE: 0.017503942410
H(0K): -6.565167727767999
H(10K): -6.565041051753
G(10K): -6.565465255999
