Opt_connettivity: False
Electron: 15
Charge: +0
Spin: 0.5
E_tot: -8.879992202534
ZPE: 0.008029418618
H(0K): -8.871962783916
H(10K): -8.871836107900
G(10K): -8.872314013266
