Opt_connettivity: False
Electron: 21
Charge: +0
Spin: 1.5
E_tot: -11.010160982478
ZPE: 0.015843668862
H(0K): -10.994317313616
H(10K): -10.994190637600
G(10K): -10.994725895442
