Opt_connettivity: False
Electron: 18
Charge: +0
Spin: 0.0
E_tot: -9.564233999067
ZPE: 0.023874053242
H(0K): -9.540359945825
H(10K): -9.540233269809
G(10K): -9.540761516103
