Opt_connettivity: True
Electron: 13
Charge: +0
Spin: 0.5
E_tot: -8.459628246099
ZPE: 0.013283245334
H(0K): -8.446345000765
H(10K): -8.446218324750
G(10K): -8.446635182345
