Opt_connettivity: True
Electron: 18
Charge: +0
Spin: 1.0
E_tot: -11.030295952585
ZPE: 0.026751967890
H(0K): -11.003543984695
H(10K): -11.003417308679
G(10K): -11.003919186051
