Opt_connettivity: True
Electron: 11
Charge: +0
Spin: 0.5
E_tot: -5.900453674913
ZPE: 0.024704979594
H(0K): -5.8757486953189995
H(10K): -5.875622019303
G(10K): -5.876016448379
file: H2C1N1_2_S_1
Spin_M: 2
