Opt_connettivity: True
Electron: 18
Charge: +0
Spin: 1.0
E_tot: -11.103469870567
ZPE: 0.027228677894
H(0K): -11.076241192673
H(10K): -11.076114516657
G(10K): -11.076617856311
