Opt_connettivity: False
Electron: 21
Charge: +0
Spin: 0.5
E_tot: -11.157977331671
ZPE: 0.017501450379
H(0K): -11.140475881292002
H(10K): -11.140349205253
G(10K): -11.140760661663
