Opt_connettivity: True
Electron: 13
Charge: +0
Spin: 0.5
E_tot: -6.653013595120
ZPE: 0.018474115711
H(0K): -6.634539479409
H(10K): -6.634428637896
G(10K): -6.634869381502
