Opt_connettivity: True
Electron: 18
Charge: +0
Spin: 1.0
E_tot: -9.502131630547
ZPE: 0.023612997689
H(0K): -9.478518632858
H(10K): -9.478391956843
G(10K): -9.478916532291
file: H1C3N1_17_S_2
Spin_M: 3
