Opt_connettivity: True
Electron: 17
Charge: +0
Spin: 1.5
E_tot: -8.941453502673
ZPE: 0.011491648237
H(0K): -8.929961854436
H(10K): -8.929835175762
G(10K): -8.930337451996
