Opt_connettivity: False
Electron: 18
Charge: +0
Spin: 0.0
E_tot: -10.312361783095
ZPE: 0.015380061792
H(0K): -10.296981721303
H(10K): -10.296870879790
G(10K): -10.297354574142
