Opt_connettivity: True
Electron: 14
Charge: +0
Spin: 0.0
E_tot: -7.138640289150
ZPE: 0.027157521431
H(0K): -7.111482767719
H(10K): -7.111356091703
G(10K): -7.111816971580
file: H2C3_4_S_0
Spin_M: 1
