Opt_connettivity: False
Electron: 20
Charge: +0
Spin: 0.0
E_tot: -10.217897269701
ZPE: 0.017715622389
H(0K): -10.200181647312
H(10K): -10.200054971296
G(10K): -10.200551954864
