Opt_connettivity: False
Electron: 21
Charge: +0
Spin: 0.5
E_tot: -11.123824229550
ZPE: 0.018668737066
H(0K): -11.105155492484
H(10K): -11.105028816468
G(10K): -11.105587605082
