Opt_connettivity: False
Electron: 17
Charge: +0
Spin: 0.5
E_tot: -9.042349738448
ZPE: 0.013007599602
H(0K): -9.029342138846
H(10K): -9.029215462831
G(10K): -9.029716115988
