Opt_connettivity: False
Electron: 16
Charge: +0
Spin: 0.0
E_tot: -8.145910854974
ZPE: 0.012505577069
H(0K): -8.133405277905
H(10K): -8.133278601890
G(10K): -8.133791049166
