Opt_connettivity: True
Electron: 16
Charge: +0
Spin: 1.0
E_tot: -9.108830633198
ZPE: 0.031362514720
H(0K): -9.077468118478
H(10K): -9.077341442463
G(10K): -9.077831212715
