Opt_connettivity: True
Electron: 16
Charge: +0
Spin: 1.0
E_tot: -8.770220128590
ZPE: 0.026562977633
H(0K): -8.743657150956999
H(10K): -8.743530474941
G(10K): -8.743997872232
