Opt_connettivity: False
Electron: 2
Charge: +0
Spin: 1.0
E_tot: -0.786987344126
ZPE: 0.000302728621
H(0K): -0.786684615505
H(10K): -0.786573773988
G(10K): -0.786787679460
