Opt_connettivity: True
Electron: 21
Charge: +0
Spin: 1.5
E_tot: -11.088720864837
ZPE: 0.017190323065
H(0K): -11.071530541772
H(10K): -11.071403865613
G(10K): -11.071910388455
