Opt_connettivity: True
Electron: 15
Charge: +0
Spin: 1.5
E_tot: -7.908609145407
ZPE: 0.029718802687
H(0K): -7.87889034272
H(10K): -7.878763666703
G(10K): -7.879250159117
