Opt_connettivity: True
Electron: 20
Charge: +0
Spin: 1.0
E_tot: -10.189636426274
ZPE: 0.014075154184
H(0K): -10.175561272089999
H(10K): -10.175434596075
G(10K): -10.175945731927
file: C5_9_S_2
Spin_M: 3
