Opt_connettivity: True
Electron: 15
Charge: +0
Spin: 1.5
E_tot: -7.873816949517
ZPE: 0.030492521053
H(0K): -7.843324428464
H(10K): -7.843197752449
G(10K): -7.843683950589
