Opt_connettivity: True
Electron: 18
Charge: +0
Spin: 1.0
E_tot: -9.511181034205
ZPE: 0.022062053865
H(0K): -9.48911898034
H(10K): -9.488992304324
G(10K): -9.489520915807
