Opt_connettivity: True
Electron: 20
Charge: +0
Spin: 0.0
E_tot: -10.228044596768
ZPE: 0.017056943582
H(0K): -10.210987653185999
H(10K): -10.210860977170
G(10K): -10.211416888969
file: C5_8_S_0
Spin_M: 1
