Opt_connettivity: False
Electron: 17
Charge: +0
Spin: 1.5
E_tot: -8.648022023084
ZPE: 0.024072574348
H(0K): -8.623949448736
H(10K): -8.623822772720
G(10K): -8.624341699272
