Opt_connettivity: False
Electron: 21
Charge: +0
Spin: 1.5
E_tot: -10.964104575619
ZPE: 0.018043772912
H(0K): -10.946060802707
H(10K): -10.945934126691
G(10K): -10.946434012650
