Opt_connettivity: True
Electron: 15
Charge: +0
Spin: 0.5
E_tot: -8.926686931850
ZPE: 0.009017505048
H(0K): -8.917669426802
H(10K): -8.917558585288
G(10K): -8.918001120623
