Opt_connettivity: False
Electron: 17
Charge: +0
Spin: 0.5
E_tot: -8.716495297552
ZPE: 0.023998556092
H(0K): -8.69249674146
H(10K): -8.692370065445
G(10K): -8.692887586894
