Opt_connettivity: False
Electron: 16
Charge: +0
Spin: 0.0
E_tot: -9.625089154041
ZPE: 0.007915801385
H(0K): -9.617173352656
H(10K): -9.617046676640
G(10K): -9.617508108860
