Opt_connettivity: True
Electron: 4
Charge: +0
Spin: 1.0
E_tot: -1.793296371484
ZPE: 0.000000000000
H(0K): -1.793296371484
H(10K): -1.793217198975
G(10K): -1.793480569969
