Opt_connettivity: True
Electron: 17
Charge: +0
Spin: 1.5
E_tot: -8.635427013057
ZPE: 0.023809795203
H(0K): -8.611617217854
H(10K): -8.611490541839
G(10K): -8.612009443153
