Opt_connettivity: False
Electron: 18
Charge: +0
Spin: 0.0
E_tot: -9.584861584021
ZPE: 0.025035962170
H(0K): -9.559825621851001
H(10K): -9.559698945836
G(10K): -9.560217790320
