Opt_connettivity: True
Electron: 21
Charge: +0
Spin: 0.5
E_tot: -11.056860057167
ZPE: 0.018595276009
H(0K): -11.038264781158
H(10K): -11.038138105142
G(10K): -11.038682332067
file: C4N1_48_S_1
Spin_M: 2
