Opt_connettivity: True
Electron: 17
Charge: +0
Spin: 1.5
E_tot: -10.657628370761
ZPE: 0.006378082268
H(0K): -10.651250288493
H(10K): -10.651123612477
G(10K): -10.651614932673
