Opt_connettivity: True
Electron: 18
Charge: +0
Spin: 0.0
E_tot: -10.158146842202
ZPE: 0.010662335816
H(0K): -10.147484506385998
H(10K): -10.147357830371
G(10K): -10.147853303216
file: C3O1_5_S_0
Spin_M: 1
