Opt_connettivity: True
Electron: 21
Charge: +0
Spin: 1.5
E_tot: -10.950372845723
ZPE: 0.016126869324
H(0K): -10.934245976399001
H(10K): -10.934119300384
G(10K): -10.934644603130
