Opt_connettivity: False
Electron: 20
Charge: +0
Spin: 0.0
E_tot: -10.247511070266
ZPE: 0.018573401433
H(0K): -10.228937668833
H(10K): -10.228810992817
G(10K): -10.229296380376
