Opt_connettivity: True
Electron: 18
Charge: +0
Spin: 0.0
E_tot: -11.128182925649
ZPE: 0.030387346741
H(0K): -11.097795578908
H(10K): -11.097668902892
G(10K): -11.098166267399
