Opt_connettivity: False
Electron: 20
Charge: +0
Spin: 0.0
E_tot: -10.328734624125
ZPE: 0.018529083032
H(0K): -10.310205541093
H(10K): -10.310094699134
G(10K): -10.310582417781
