Opt_connettivity: True
Electron: 21
Charge: +0
Spin: 0.5
E_tot: -11.062692769379
ZPE: 0.018409229819
H(0K): -11.04428353956
H(10K): -11.044156863544
G(10K): -11.044664846203
file: C4N1_47_S_1
Spin_M: 2
