Opt_connettivity: True
Electron: 7
Charge: +0
Spin: 1.5
E_tot: -3.558938575602
ZPE: 0.008178612722
H(0K): -3.5507599628800004
H(10K): -3.550639573083
G(10K): -3.550957928599
