Opt_connettivity: True
Electron: 21
Charge: +0
Spin: 1.5
E_tot: -11.002391824373
ZPE: 0.016423721904
H(0K): -10.985968102469
H(10K): -10.985841426453
G(10K): -10.986398426697
