Opt_connettivity: True
Electron: 18
Charge: +0
Spin: 1.0
E_tot: -9.551869587802
ZPE: 0.023383770828
H(0K): -9.528485816974001
H(10K): -9.528359140877
G(10K): -9.528868767015
