Opt_connettivity: False
Electron: 18
Charge: +0
Spin: 0.0
E_tot: -9.537905642608
ZPE: 0.024890691894
H(0K): -9.513014950713998
H(10K): -9.512888274699
G(10K): -9.513407290501
