Opt_connettivity: True
Electron: 15
Charge: +0
Spin: 0.5
E_tot: -8.075942339427
ZPE: 0.028992265654
H(0K): -8.046950073772999
H(10K): -8.046823397758
G(10K): -8.047284461941
