Opt_connettivity: True
Electron: 14
Charge: +0
Spin: 0.0
E_tot: -8.086351027664
ZPE: 0.008597514385
H(0K): -8.077753513279
H(10K): -8.077626837263
G(10K): -8.078078290973
file: C2O1_2_S_0
Spin_M: 1
