Opt_connettivity: False
Electron: 21
Charge: +0
Spin: 1.5
E_tot: -11.026083504072
ZPE: 0.016802925677
H(0K): -11.009280578395
H(10K): -11.009153902380
G(10K): -11.009711699499
