Opt_connettivity: False
Electron: 21
Charge: +0
Spin: 1.5
E_tot: -10.967967234150
ZPE: 0.016148469401
H(0K): -10.951818764749001
H(10K): -10.951692088734
G(10K): -10.952215460396
