Opt_connettivity: True
Electron: 13
Charge: +0
Spin: 1.5
E_tot: -8.248240411357
ZPE: 0.010574771527
H(0K): -8.237665639829999
H(10K): -8.237538963814
G(10K): -8.237978069147
