Opt_connettivity: True
Electron: 10
Charge: +0
Spin: 1.0
E_tot: -5.943064729652
ZPE: 0.004513702786
H(0K): -5.938551026866
H(10K): -5.938440185352
G(10K): -5.938819454735
