Opt_connettivity: True
Electron: 18
Charge: +0
Spin: 1.0
E_tot: -9.538616562255
ZPE: 0.024496388481
H(0K): -9.514120173774
H(10K): -9.513993497758
G(10K): -9.514514045122
