Opt_connettivity: False
Electron: 21
Charge: +0
Spin: 1.5
E_tot: -11.026083984393
ZPE: 0.016800718947
H(0K): -11.009283265446001
H(10K): -11.009156589431
G(10K): -11.009714385518
