Opt_connettivity: True
Electron: 15
Charge: +0
Spin: 1.5
E_tot: -8.831497850056
ZPE: 0.007786405227
H(0K): -8.823711444829
H(10K): -8.823584768813
G(10K): -8.824066562453
