Opt_connettivity: True
Electron: 16
Charge: +0
Spin: 0.0
E_tot: -8.145912510487
ZPE: 0.012484844247
H(0K): -8.13342766624
H(10K): -8.133300990224
G(10K): -8.133791521137
