Opt_connettivity: True
Electron: 10
Charge: +0
Spin: 1.0
E_tot: -5.015835257035
ZPE: 0.022724981098
H(0K): -4.993110275937
H(10K): -4.992983599922
G(10K): -4.993375728399
