Opt_connettivity: False
Electron: 21
Charge: +0
Spin: 1.5
E_tot: -11.036760881912
ZPE: 0.017059762502
H(0K): -11.01970111941
H(10K): -11.019574443394
G(10K): -11.020104363322
