Opt_connettivity: True
Electron: 8
Charge: +0
Spin: 0.0
E_tot: -5.070544095033
ZPE: 0.020118385107
H(0K): -5.050425709926
H(10K): -5.050299033910
G(10K): -5.050586662614
file: H2O1_0_S_0
Spin_M: 1
