Opt_connettivity: True
Electron: 16
Charge: +0
Spin: 1.0
E_tot: -8.174134561039
ZPE: 0.012665383248
H(0K): -8.161469177791
H(10K): -8.161342501774
G(10K): -8.161730294263
