Opt_connettivity: False
Electron: 20
Charge: +0
Spin: 1.0
E_tot: -10.178269489104
ZPE: 0.013405493587
H(0K): -10.164863995517
H(10K): -10.164737319501
G(10K): -10.165221490766
