Opt_connettivity: True
Electron: 16
Charge: +0
Spin: 0.0
E_tot: -9.318186584677
ZPE: 0.030903942714
H(0K): -9.287282641963
H(10K): -9.287155965947
G(10K): -9.287612169991
