Opt_connettivity: False
Electron: 21
Charge: +0
Spin: 1.5
E_tot: -10.982729939660
ZPE: 0.017940066928
H(0K): -10.964789872732
H(10K): -10.964663196716
G(10K): -10.965206797190
