Opt_connettivity: True
Electron: 17
Charge: +0
Spin: 0.5
E_tot: -8.716495788187
ZPE: 0.023995481618
H(0K): -8.692500306569
H(10K): -8.692373630553
G(10K): -8.692891161800
file: H1C4_10_S_1
Spin_M: 2
