Opt_connettivity: True
Electron: 18
Charge: +0
Spin: 0.0
E_tot: -10.214269428044
ZPE: 0.014512544111
H(0K): -10.199756883933
H(10K): -10.199646042419
G(10K): -10.200125524225
file: C3O1_2_S_0
Spin_M: 1
