Opt_connettivity: True
Electron: 9
Charge: +0
Spin: 0.5
E_tot: -4.895973788310
ZPE: 0.005398806951
H(0K): -4.890574981359
H(10K): -4.890464139845
G(10K): -4.890835001847
