Opt_connettivity: True
Electron: 12
Charge: +0
Spin: 0.0
E_tot: -7.093177437092
ZPE: 0.025006572101
H(0K): -7.068170864991
H(10K): -7.068044188975
G(10K): -7.068468002797
file: H2C1O1_0_S_0
Spin_M: 1
