Opt_connettivity: True
Electron: 10
Charge: +0
Spin: 0.0
E_tot: -5.120053800655
ZPE: 0.022986511372
H(0K): -5.097067289282999
H(10K): -5.096940613267
G(10K): -5.097332612777
file: H2C2_0_S_0
Spin_M: 1
