Opt_connettivity: True
Electron: 21
Charge: +0
Spin: 0.5
E_tot: -11.071021777938
ZPE: 0.016313494907
H(0K): -11.054708283031001
H(10K): -11.054581607014
G(10K): -11.055124743144
file: C4N1_14_S_1
Spin_M: 2
