Opt_connettivity: True
Electron: 17
Charge: +0
Spin: 0.5
E_tot: -8.727762815416
ZPE: 0.022880136028
H(0K): -8.704882679388
H(10K): -8.704756000156
G(10K): -8.705281976070
