Opt_connettivity: True
Electron: 21
Charge: +0
Spin: 0.5
E_tot: -11.076205232961
ZPE: 0.016547131367
H(0K): -11.059658101594
H(10K): -11.059531425579
G(10K): -11.060087136723
