Opt_connettivity: True
Electron: 18
Charge: +0
Spin: 0.0
E_tot: -9.564233396823
ZPE: 0.023877854452
H(0K): -9.540355542371001
H(10K): -9.540228866355
G(10K): -9.540757109306
file: H1C3N1_16_S_0
Spin_M: 1
