Opt_connettivity: True
Electron: 21
Charge: +0
Spin: 1.5
E_tot: -10.977607451466
ZPE: 0.016244970215
H(0K): -10.961362481251
H(10K): -10.961235805236
G(10K): -10.961780925642
