Opt_connettivity: True
Electron: 18
Charge: +0
Spin: 1.0
E_tot: -9.474584172787
ZPE: 0.022198660570
H(0K): -9.452385512217
H(10K): -9.452258836202
G(10K): -9.452787429431
