Opt_connettivity: True
Electron: 12
Charge: +0
Spin: 1.0
E_tot: -7.021386222969
ZPE: 0.022793097639
H(0K): -6.99859312533
H(10K): -6.998466449314
G(10K): -6.998889461857
