Opt_connettivity: True
Electron: 17
Charge: +0
Spin: 1.5
E_tot: -8.925350015173
ZPE: 0.013622896585
H(0K): -8.911727118588
H(10K): -8.911600442573
G(10K): -8.912116393987
