Opt_connettivity: False
Electron: 14
Charge: +0
Spin: 0.0
E_tot: -8.086350981972
ZPE: 0.008595334422
H(0K): -8.07775564755
H(10K): -8.077628971534
G(10K): -8.078080427766
