Opt_connettivity: False
Electron: 18
Charge: +0
Spin: 1.0
E_tot: -9.445505592667
ZPE: 0.023605763562
H(0K): -9.421899829105001
H(10K): -9.421773153089
G(10K): -9.422290527743
