Opt_connettivity: True
Electron: 18
Charge: +0
Spin: 1.0
E_tot: -9.541266929991
ZPE: 0.023179336261
H(0K): -9.51808759373
H(10K): -9.517960917715
G(10K): -9.518486294187
file: H1C3N1_7_S_2
Spin_M: 3
