Opt_connettivity: True
Electron: 21
Charge: +0
Spin: 0.5
E_tot: -11.070620006113
ZPE: 0.016987334651
H(0K): -11.053632671462
H(10K): -11.053505995446
G(10K): -11.054064384444
file: C4N1_20_S_1
Spin_M: 2
