Opt_connettivity: True
Electron: 17
Charge: +0
Spin: 0.5
E_tot: -10.790883917655
ZPE: 0.007632723611
H(0K): -10.783251194044
H(10K): -10.783124518028
G(10K): -10.783590152248
