Opt_connettivity: True
Electron: 16
Charge: +0
Spin: 0.0
E_tot: -9.227394683816
ZPE: 0.032279701798
H(0K): -9.195114982018
H(10K): -9.194988306002
G(10K): -9.195476227387
file: H2C2O1_7_S_0
Spin_M: 1
