Opt_connettivity: True
Electron: 10
Charge: +0
Spin: 1.0
E_tot: -5.310818431204
ZPE: 0.013164003282
H(0K): -5.297654427922
H(10K): -5.297527751907
G(10K): -5.297925687027
