Opt_connettivity: False
Electron: 21
Charge: +0
Spin: 1.5
E_tot: -10.942060297024
ZPE: 0.016585481232
H(0K): -10.925474815792
H(10K): -10.925348139609
G(10K): -10.925903941329
