Opt_connettivity: True
Electron: 20
Charge: +0
Spin: 0.0
E_tot: -10.328734389975
ZPE: 0.018275460074
H(0K): -10.310458929901001
H(10K): -10.310332253653
G(10K): -10.310737283313
file: C5_2_S_0
Spin_M: 1
