Opt_connettivity: True
Electron: 14
Charge: +0
Spin: 1.0
E_tot: -8.031293711620
ZPE: 0.006901046009
H(0K): -8.024392665611
H(10K): -8.024265989595
G(10K): -8.024718819133
