Opt_connettivity: True
Electron: 18
Charge: +0
Spin: 0.0
E_tot: -9.597448622187
ZPE: 0.024134370768
H(0K): -9.573314251419001
H(10K): -9.573187575403
G(10K): -9.573708149240
file: H1C3N1_24_S_0
Spin_M: 1
