Opt_connettivity: True
Electron: 14
Charge: +0
Spin: 0.0
E_tot: -8.123754995299
ZPE: 0.008775582841
H(0K): -8.114979412458
H(10K): -8.114868570945
G(10K): -8.115311251982
file: C2O1_0_S_0
Spin_M: 3
