Opt_connettivity: True
Electron: 16
Charge: +0
Spin: 0.0
E_tot: -9.710074899398
ZPE: 0.007641880861
H(0K): -9.702433018537
H(10K): -9.702306342522
G(10K): -9.702766635299
file: N2O1_2_S_0
Spin_M: 1
