Opt_connettivity: True
Electron: 21
Charge: +0
Spin: 0.5
E_tot: -11.062693191953
ZPE: 0.018413985362
H(0K): -11.044279206591
H(10K): -11.044152530576
G(10K): -11.044660504276
