Opt_connettivity: True
Electron: 16
Charge: +0
Spin: 0.0
E_tot: -8.870727379509
ZPE: 0.032172716012
H(0K): -8.838554663497
H(10K): -8.838427987481
G(10K): -8.838916936087
file: H2C1N2_11_S_0
Spin_M: 1
