Opt_connettivity: True
Electron: 17
Charge: +0
Spin: 1.5
E_tot: -8.590823682257
ZPE: 0.021159518779
H(0K): -8.569664163478
H(10K): -8.569537487463
G(10K): -8.570053136247
