Opt_connettivity: True
Electron: 1
Charge: +0
Spin: 0.5
E_tot: -0.393482763910
ZPE: 0.000000000000
H(0K): -0.39348276391
H(10K): -0.393403591400
G(10K): -0.393549311359
file: H1_0_S_1
Spin_M: 2
