Opt_connettivity: True
Electron: 15
Charge: +0
Spin: 1.5
E_tot: -7.914456340269
ZPE: 0.029788700980
H(0K): -7.884667639289
H(10K): -7.884540963274
G(10K): -7.885032319803
