Opt_connettivity: True
Electron: 16
Charge: +0
Spin: 1.0
E_tot: -9.627138998253
ZPE: 0.008256347175
H(0K): -9.618882651078001
H(10K): -9.618755975063
G(10K): -9.619217207444
