Opt_connettivity: True
Electron: 15
Charge: +0
Spin: 0.5
E_tot: -9.024303713664
ZPE: 0.009908666475
H(0K): -9.014395047189
H(10K): -9.014284205675
G(10K): -9.014728773698
