Opt_connettivity: True
Electron: 18
Charge: +0
Spin: 1.0
E_tot: -9.484756540632
ZPE: 0.023150582275
H(0K): -9.461605958357
H(10K): -9.461479281569
G(10K): -9.462003684191
file: H1C3N1_10_S_2
Spin_M: 3
