Opt_connettivity: False
Electron: 20
Charge: +0
Spin: 1.0
E_tot: -10.180649951657
ZPE: 0.016753740581
H(0K): -10.163896211075999
H(10K): -10.163769522925
G(10K): -10.164287904677
