Opt_connettivity: True
Electron: 14
Charge: +0
Spin: 1.0
E_tot: -7.214240596406
ZPE: 0.026586837001
H(0K): -7.187653759405
H(10K): -7.187527083390
G(10K): -7.187920218946
