Opt_connettivity: True
Electron: 18
Charge: +0
Spin: 0.0
E_tot: -10.187327751796
ZPE: 0.012526737916
H(0K): -10.17480101388
H(10K): -10.174674337864
G(10K): -10.175200034269
