Opt_connettivity: True
Electron: 11
Charge: +0
Spin: 1.5
E_tot: -5.772678984995
ZPE: 0.022156708607
H(0K): -5.750522276388001
H(10K): -5.750395600372
G(10K): -5.750820448580
