Opt_connettivity: True
Electron: 16
Charge: +0
Spin: 1.0
E_tot: -8.727215887063
ZPE: 0.029179933080
H(0K): -8.698035953983
H(10K): -8.697909277967
G(10K): -8.698400349116
file: H2C1N2_2_S_2
Spin_M: 3
