Opt_connettivity: True
Electron: 6
Charge: +0
Spin: 0.0
E_tot: -3.204381467164
ZPE: 0.007473615252
H(0K): -3.196907851912
H(10K): -3.196797010398
G(10K): -3.197074136761
file: H1N1_0_S_0
Spin_M: 3
