Opt_connettivity: True
Electron: 12
Charge: +0
Spin: 1.0
E_tot: -6.013162287290
ZPE: 0.003865618907
H(0K): -6.0092966683830005
H(10K): -6.009169992367
G(10K): -6.009580144788
file: C3_1_S_2
Spin_M: 3
