Opt_connettivity: True
Electron: 21
Charge: +0
Spin: 0.5
E_tot: -11.030301483891
ZPE: 0.016927083586
H(0K): -11.013374400305
H(10K): -11.013247724290
G(10K): -11.013792122052
