Opt_connettivity: False
Electron: 18
Charge: +0
Spin: 0.0
E_tot: -9.726630452109
ZPE: 0.026366644980
H(0K): -9.700263807129
H(10K): -9.700152965615
G(10K): -9.700637221258
