Opt_connettivity: False
Electron: 20
Charge: +0
Spin: 0.0
E_tot: -10.247511260730
ZPE: 0.018588097748
H(0K): -10.228923162982001
H(10K): -10.228796486966
G(10K): -10.229281851384
