Opt_connettivity: True
Electron: 16
Charge: +0
Spin: 1.0
E_tot: -8.124584562269
ZPE: 0.011250882928
H(0K): -8.113333679341
H(10K): -8.113207003326
G(10K): -8.113727024353
