Opt_connettivity: True
Electron: 8
Charge: +0
Spin: 1.0
E_tot: -4.142071693699
ZPE: 0.011286604088
H(0K): -4.130785089611
H(10K): -4.130658413595
G(10K): -4.130958877186
