Opt_connettivity: False
Electron: 17
Charge: +0
Spin: 0.5
E_tot: -8.716496178829
ZPE: 0.023995766258
H(0K): -8.692500412571
H(10K): -8.692373736555
G(10K): -8.692891259865
