Opt_connettivity: True
Electron: 18
Charge: +0
Spin: 1.0
E_tot: -11.089624452729
ZPE: 0.027886430286
H(0K): -11.061738022443
H(10K): -11.061611346427
G(10K): -11.062090271251
