Opt_connettivity: False
Electron: 21
Charge: +0
Spin: 0.5
E_tot: -11.070621285758
ZPE: 0.016985583445
H(0K): -11.053635702312999
H(10K): -11.053509026297
G(10K): -11.054067399987
