Opt_connettivity: True
Electron: 17
Charge: +0
Spin: 0.5
E_tot: -9.099402677653
ZPE: 0.014640795874
H(0K): -9.084761881779
H(10K): -9.084635205763
G(10K): -9.085019333210
