Opt_connettivity: True
Electron: 15
Charge: +0
Spin: 0.5
E_tot: -8.008881628926
ZPE: 0.030519983221
H(0K): -7.978361645705
H(10K): -7.978234969689
G(10K): -7.978720312781
