Opt_connettivity: False
Electron: 14
Charge: +0
Spin: 1.0
E_tot: -7.988051818600
ZPE: 0.006490109093
H(0K): -7.981561709507
H(10K): -7.981435033491
G(10K): -7.981889927705
