Opt_connettivity: False
Electron: 17
Charge: +0
Spin: 1.5
E_tot: -8.574591085393
ZPE: 0.018600599632
H(0K): -8.555990485760999
H(10K): -8.555863809745
G(10K): -8.556344738285
