Opt_connettivity: True
Electron: 18
Charge: +0
Spin: 0.0
E_tot: -9.600286789497
ZPE: 0.024375239243
H(0K): -9.575911550254
H(10K): -9.575784874238
G(10K): -9.576313316270
file: H1C3N1_15_S_0
Spin_M: 1
