Opt_connettivity: True
Electron: 20
Charge: +0
Spin: 1.0
E_tot: -10.201460034746
ZPE: 0.016005829671
H(0K): -10.185454205075
H(10K): -10.185327529060
G(10K): -10.185876005987
