Opt_connettivity: False
Electron: 20
Charge: +0
Spin: 0.0
E_tot: -10.228044355008
ZPE: 0.017059411912
H(0K): -10.210984943096001
H(10K): -10.210858267080
G(10K): -10.211414169363
