Opt_connettivity: True
Electron: 21
Charge: +0
Spin: 1.5
E_tot: -11.038945170661
ZPE: 0.017773438927
H(0K): -11.021171731734
H(10K): -11.021045055719
G(10K): -11.021596811803
