Opt_connettivity: False
Electron: 21
Charge: +0
Spin: 1.5
E_tot: -11.003502385817
ZPE: 0.017252195412
H(0K): -10.986250190405
H(10K): -10.986123514389
G(10K): -10.986681356591
