Opt_connettivity: False
Electron: 20
Charge: +0
Spin: 1.0
E_tot: -10.188533795284
ZPE: 0.015852880961
H(0K): -10.172680914323
H(10K): -10.172554238307
G(10K): -10.173080738831
