Opt_connettivity: True
Electron: 15
Charge: +0
Spin: 0.5
E_tot: -8.020208053066
ZPE: 0.031956479353
H(0K): -7.988251573713
H(10K): -7.988124897698
G(10K): -7.988610421578
