Opt_connettivity: True
Electron: 15
Charge: +0
Spin: 1.5
E_tot: -8.750311996139
ZPE: 0.008145361681
H(0K): -8.742166634458
H(10K): -8.742039958443
G(10K): -8.742519787925
