Opt_connettivity: True
Electron: 17
Charge: +0
Spin: 0.5
E_tot: -9.066215317197
ZPE: 0.013676423955
H(0K): -9.052538893242001
H(10K): -9.052412217008
G(10K): -9.052844389447
file: C3N1_3_S_1
Spin_M: 2
