Opt_connettivity: False
Electron: 20
Charge: +0
Spin: 1.0
E_tot: -10.180650477607
ZPE: 0.016759268605
H(0K): -10.163891209002
H(10K): -10.163764527205
G(10K): -10.164282852176
