Opt_connettivity: True
Electron: 6
Charge: +0
Spin: 1.0
E_tot: -3.767606950668
ZPE: 0.000000000000
H(0K): -3.767606950668
H(10K): -3.767527778158
G(10K): -3.767804764158
