Opt_connettivity: True
Electron: 21
Charge: +0
Spin: 1.5
E_tot: -10.982730273390
ZPE: 0.017941489246
H(0K): -10.964788784144
H(10K): -10.964662108128
G(10K): -10.965205696753
