Opt_connettivity: True
Electron: 18
Charge: +0
Spin: 1.0
E_tot: -9.547123373175
ZPE: 0.025164292855
H(0K): -9.521959080319998
H(10K): -9.521832404304
G(10K): -9.522359441104
