Opt_connettivity: True
Electron: 16
Charge: +0
Spin: 0.0
E_tot: -9.844933799138
ZPE: 0.011843888337
H(0K): -9.833089910801
H(10K): -9.832979069287
G(10K): -9.833422984419
file: N2O1_1_S_0
Spin_M: 1
