Opt_connettivity: False
Electron: 14
Charge: +0
Spin: 0.0
E_tot: -7.222786185520
ZPE: 0.027487411124
H(0K): -7.195298774396
H(10K): -7.195172098380
G(10K): -7.195636716494
