Opt_connettivity: False
Electron: 17
Charge: +0
Spin: 1.5
E_tot: -8.930042676242
ZPE: 0.012379918656
H(0K): -8.917662757586
H(10K): -8.917536081571
G(10K): -8.918037900244
