Opt_connettivity: True
Electron: 16
Charge: +0
Spin: 1.0
E_tot: -8.122483945526
ZPE: 0.013008386801
H(0K): -8.109475558725
H(10K): -8.109348882710
G(10K): -8.109817628708
file: C4_5_S_2
Spin_M: 3
