Opt_connettivity: True
Electron: 16
Charge: +0
Spin: 0.0
E_tot: -8.887383162953
ZPE: 0.032343916342
H(0K): -8.855039246611
H(10K): -8.854912570595
G(10K): -8.855389167747
