Opt_connettivity: True
Electron: 15
Charge: +0
Spin: 1.5
E_tot: -7.802453971383
ZPE: 0.028551829592
H(0K): -7.773902141791
H(10K): -7.773775465775
G(10K): -7.774243080464
