Opt_connettivity: False
Electron: 21
Charge: +0
Spin: 1.5
E_tot: -10.983023891871
ZPE: 0.015243645304
H(0K): -10.967780246567
H(10K): -10.967653552284
G(10K): -10.968208279641
