Opt_connettivity: False
Electron: 21
Charge: +0
Spin: 0.5
E_tot: -11.119689646024
ZPE: 0.017355077786
H(0K): -11.102334568238
H(10K): -11.102207892222
G(10K): -11.102767738327
