Opt_connettivity: False
Electron: 18
Charge: +0
Spin: 1.0
E_tot: -10.199934665380
ZPE: 0.014566400455
H(0K): -10.185368264925001
H(10K): -10.185241588909
G(10K): -10.185745468548
