Opt_connettivity: True
Electron: 21
Charge: +0
Spin: 1.5
E_tot: -10.983024478806
ZPE: 0.015128701376
H(0K): -10.96789577743
H(10K): -10.967762608416
G(10K): -10.968336133453
