Opt_connettivity: True
Electron: 17
Charge: +0
Spin: 0.5
E_tot: -8.714389178372
ZPE: 0.022824940405
H(0K): -8.691564237967
H(10K): -8.691437561951
G(10K): -8.691955707599
