Opt_connettivity: False
Electron: 16
Charge: +0
Spin: 0.0
E_tot: -9.227394626936
ZPE: 0.032251161057
H(0K): -9.195143465879001
H(10K): -9.195016789864
G(10K): -9.195504753925
