Opt_connettivity: True
Electron: 12
Charge: +0
Spin: 0.0
E_tot: -7.906752299720
ZPE: 0.003714108575
H(0K): -7.903038191145
H(10K): -7.902927349631
G(10K): -7.903296807272
