Opt_connettivity: True
Electron: 16
Charge: +0
Spin: 1.0
E_tot: -9.094383545444
ZPE: 0.027918023995
H(0K): -9.066465521449
H(10K): -9.066338845434
G(10K): -9.066799367637
