Opt_connettivity: False
Electron: 16
Charge: +0
Spin: 0.0
E_tot: -8.827106742256
ZPE: 0.030870710315
H(0K): -8.796236031941
H(10K): -8.796109355926
G(10K): -8.796597243517
