Opt_connettivity: True
Electron: 18
Charge: +0
Spin: 1.0
E_tot: -10.119252423477
ZPE: 0.012684209860
H(0K): -10.106568213617
H(10K): -10.106441537602
G(10K): -10.106959963609
