Opt_connettivity: True
Electron: 7
Charge: +0
Spin: 0.5
E_tot: -4.428374815809
ZPE: 0.008132556516
H(0K): -4.4202422592929995
H(10K): -4.420131417780
G(10K): -4.420410893727
