Opt_connettivity: False
Electron: 21
Charge: +0
Spin: 1.5
E_tot: -11.131102063396
ZPE: 0.018136687473
H(0K): -11.112965375923
H(10K): -11.112838699879
G(10K): -11.113248888585
