Opt_connettivity: True
Electron: 16
Charge: +0
Spin: 0.0
E_tot: -8.968724613411
ZPE: 0.031984612035
H(0K): -8.936740001376
H(10K): -8.936613325360
G(10K): -8.937061088619
file: H2C1N2_9_S_0
Spin_M: 1
