Opt_connettivity: False
Electron: 21
Charge: +0
Spin: 1.5
E_tot: -10.982730257456
ZPE: 0.017937764308
H(0K): -10.964792493148
H(10K): -10.964665817132
G(10K): -10.965209406241
