Opt_connettivity: True
Electron: 14
Charge: +0
Spin: 1.0
E_tot: -8.903973245022
ZPE: 0.021754356715
H(0K): -8.882218888307
H(10K): -8.882092212292
G(10K): -8.882524474510
