Opt_connettivity: True
Electron: 20
Charge: +0
Spin: 1.0
E_tot: -10.178581732692
ZPE: 0.016173150502
H(0K): -10.16240858219
H(10K): -10.162281906175
G(10K): -10.162817203794
