Opt_connettivity: False
Electron: 21
Charge: +0
Spin: 0.5
E_tot: -11.049274180923
ZPE: 0.016688246892
H(0K): -11.032585934031
H(10K): -11.032459258016
G(10K): -11.033015286593
