Opt_connettivity: False
Electron: 18
Charge: +0
Spin: 0.0
E_tot: -9.537905572012
ZPE: 0.024891174583
H(0K): -9.513014397429
H(10K): -9.512887721414
G(10K): -9.513406732739
