Opt_connettivity: True
Electron: 16
Charge: +0
Spin: 1.0
E_tot: -8.780317934980
ZPE: 0.031041243286
H(0K): -8.749276691694
H(10K): -8.749150015679
G(10K): -8.749638476597
