Opt_connettivity: True
Electron: 7
Charge: +0
Spin: 0.5
E_tot: -3.808925499007
ZPE: 0.018459938165
H(0K): -3.790465560842
H(10K): -3.790338884827
G(10K): -3.790625475191
file: H2N1_0_S_1
Spin_M: 2
