Opt_connettivity: True
Electron: 13
Charge: +0
Spin: 1.5
E_tot: -6.801517554729
ZPE: 0.006845743073
H(0K): -6.794671811656
H(10K): -6.794545135640
G(10K): -6.794994990724
