Opt_connettivity: True
Electron: 11
Charge: +0
Spin: 1.5
E_tot: -6.378280846969
ZPE: 0.011171699745
H(0K): -6.367109147224
H(10K): -6.366982471208
G(10K): -6.367394055417
