Opt_connettivity: False
Electron: 20
Charge: +0
Spin: 1.0
E_tot: -10.178269612942
ZPE: 0.013404226321
H(0K): -10.164865386620999
H(10K): -10.164738710605
G(10K): -10.165222884004
