Opt_connettivity: True
Electron: 21
Charge: +0
Spin: 1.5
E_tot: -11.010160762231
ZPE: 0.015831268027
H(0K): -10.994329494203999
H(10K): -10.994202818188
G(10K): -10.994738101905
