Opt_connettivity: False
Electron: 21
Charge: +0
Spin: 0.5
E_tot: -11.094314659667
ZPE: 0.015341083839
H(0K): -11.078973575828002
H(10K): -11.078846899811
G(10K): -11.079380036660
