Opt_connettivity: True
Electron: 18
Charge: +0
Spin: 0.0
E_tot: -9.654436753505
ZPE: 0.024582028549
H(0K): -9.629854724956
H(10K): -9.629728048940
G(10K): -9.630212955354
file: H1C3N1_8_S_0
Spin_M: 1
