Opt_connettivity: True
Electron: 21
Charge: +0
Spin: 1.5
E_tot: -10.983024088161
ZPE: 0.015195295540
H(0K): -10.967828792621
H(10K): -10.967701906300
G(10K): -10.968258942662
