Opt_connettivity: True
Electron: 17
Charge: +0
Spin: 1.5
E_tot: -8.924085494050
ZPE: 0.011275628450
H(0K): -8.9128098656
H(10K): -8.912679222972
G(10K): -8.913197467176
