Opt_connettivity: False
Electron: 17
Charge: +0
Spin: 0.5
E_tot: -8.716496246707
ZPE: 0.023996810230
H(0K): -8.692499436477
H(10K): -8.692372760462
G(10K): -8.692890284332
