Opt_connettivity: True
Electron: 21
Charge: +0
Spin: 0.5
E_tot: -11.049274354306
ZPE: 0.016687770154
H(0K): -11.032586584152
H(10K): -11.032459908136
G(10K): -11.033015942466
file: C4N1_44_S_1
Spin_M: 2
