Opt_connettivity: True
Electron: 18
Charge: +0
Spin: 0.0
E_tot: -10.158146959937
ZPE: 0.010659116257
H(0K): -10.14748784368
H(10K): -10.147361167665
G(10K): -10.147856642885
