Opt_connettivity: True
Electron: 18
Charge: +0
Spin: 1.0
E_tot: -10.199934618477
ZPE: 0.014566859713
H(0K): -10.185367758764
H(10K): -10.185241082749
G(10K): -10.185744959020
