Opt_connettivity: True
Electron: 16
Charge: +0
Spin: 0.0
E_tot: -9.166492723782
ZPE: 0.029491602056
H(0K): -9.137001121726
H(10K): -9.136874445710
G(10K): -9.137324091049
