Opt_connettivity: False
Electron: 21
Charge: +0
Spin: 1.5
E_tot: -11.038943393025
ZPE: 0.017763580272
H(0K): -11.021179812753001
H(10K): -11.021053136738
G(10K): -11.021604907527
