Opt_connettivity: False
Electron: 21
Charge: +0
Spin: 1.5
E_tot: -10.958231091888
ZPE: 0.017109164928
H(0K): -10.941121926960001
H(10K): -10.940995250944
G(10K): -10.941519361993
