Opt_connettivity: False
Electron: 18
Charge: +0
Spin: 0.0
E_tot: -9.584861120844
ZPE: 0.025037999064
H(0K): -9.55982312178
H(10K): -9.559696445764
G(10K): -9.560215287347
