Opt_connettivity: True
Electron: 16
Charge: +0
Spin: 1.0
E_tot: -9.590982803582
ZPE: 0.007432679752
H(0K): -9.58355012383
H(10K): -9.583423447815
G(10K): -9.583879832369
file: N2O1_0_S_2
Spin_M: 3
