Opt_connettivity: True
Electron: 20
Charge: +0
Spin: 0.0
E_tot: -10.247511142320
ZPE: 0.018588478807
H(0K): -10.228922663513
H(10K): -10.228795987497
G(10K): -10.229281342852
file: C5_20_S_0
Spin_M: 1
