Opt_connettivity: False
Electron: 21
Charge: +0
Spin: 0.5
E_tot: -11.070878169094
ZPE: 0.018497093508
H(0K): -11.052381075586
H(10K): -11.052254399570
G(10K): -11.052774455434
