Opt_connettivity: False
Electron: 14
Charge: +0
Spin: 0.0
E_tot: -7.105979298926
ZPE: 0.025673321507
H(0K): -7.080305977419
H(10K): -7.080179301403
G(10K): -7.080642609122
