Opt_connettivity: True
Electron: 8
Charge: +0
Spin: 0.0
E_tot: -4.426244035642
ZPE: 0.033545519943
H(0K): -4.392698515699
H(10K): -4.392571839683
G(10K): -4.392872690851
