Opt_connettivity: True
Electron: 10
Charge: +0
Spin: 0.0
E_tot: -5.472159332141
ZPE: 0.015745647420
H(0K): -5.456413684720999
H(10K): -5.456302843208
G(10K): -5.456684137885
