Opt_connettivity: True
Electron: 15
Charge: +0
Spin: 1.5
E_tot: -8.745430980994
ZPE: 0.006524864829
H(0K): -8.738906116165
H(10K): -8.738779440149
G(10K): -8.739257518890
file: C1N1O1_2_S_3
Spin_M: 4
