Opt_connettivity: True
Electron: 18
Charge: +0
Spin: 0.0
E_tot: -9.539704150387
ZPE: 0.023777426735
H(0K): -9.515926723651999
H(10K): -9.515800047636
G(10K): -9.516319313374
file: H1C3N1_29_S_0
Spin_M: 1
