Opt_connettivity: False
Electron: 20
Charge: +0
Spin: 0.0
E_tot: -10.328734567951
ZPE: 0.018529627780
H(0K): -10.310204940171001
H(10K): -10.310094098218
G(10K): -10.310581819332
