Opt_connettivity: True
Electron: 13
Charge: +0
Spin: 0.5
E_tot: -6.933750040407
ZPE: 0.008290037135
H(0K): -6.925460003272001
H(10K): -6.925349161758
G(10K): -6.925762445284
file: C2N1_1_S_1
Spin_M: 2
