Opt_connettivity: True
Electron: 16
Charge: +0
Spin: 0.0
E_tot: -8.200617970029
ZPE: 0.013340746948
H(0K): -8.187277223081
H(10K): -8.187150547065
G(10K): -8.187626940512
file: C4_1_S_0
Spin_M: 1
