Opt_connettivity: True
Electron: 16
Charge: +0
Spin: 0.0
E_tot: -8.132038873185
ZPE: 0.011190542822
H(0K): -8.120848330363
H(10K): -8.120721654347
G(10K): -8.121241464759
file: C4_2_S_0
Spin_M: 3
