Opt_connettivity: False
Electron: 21
Charge: +0
Spin: 1.5
E_tot: -11.044537525456
ZPE: 0.016973368273
H(0K): -11.027564157183
H(10K): -11.027437481166
G(10K): -11.027995254473
