Opt_connettivity: False
Electron: 16
Charge: +0
Spin: 0.0
E_tot: -9.227395192017
ZPE: 0.032277890117
H(0K): -9.1951173019
H(10K): -9.194990625884
G(10K): -9.195478569952
