Opt_connettivity: True
Electron: 16
Charge: +0
Spin: 0.0
E_tot: -8.827750541177
ZPE: 0.032577975149
H(0K): -8.795172566028
H(10K): -8.795045890013
G(10K): -8.795534228370
file: H2C1N2_10_S_0
Spin_M: 1
