Opt_connettivity: False
Electron: 17
Charge: +0
Spin: 0.5
E_tot: -8.714388964621
ZPE: 0.022831573855
H(0K): -8.691557390766
H(10K): -8.691430714751
G(10K): -8.691948869569
