Opt_connettivity: True
Electron: 16
Charge: +0
Spin: 1.0
E_tot: -9.118724827064
ZPE: 0.028442604312
H(0K): -9.090282222752
H(10K): -9.090155546736
G(10K): -9.090649068511
