Opt_connettivity: True
Electron: 12
Charge: +0
Spin: 1.0
E_tot: -6.413226516653
ZPE: 0.035317481401
H(0K): -6.377909035252
H(10K): -6.377782359236
G(10K): -6.378184232771
