Opt_connettivity: False
Electron: 16
Charge: +0
Spin: 0.0
E_tot: -8.827749169179
ZPE: 0.032576486249
H(0K): -8.79517268293
H(10K): -8.795046006915
G(10K): -8.795534332481
