Opt_connettivity: True
Electron: 21
Charge: +0
Spin: 1.5
E_tot: -11.044544676038
ZPE: 0.017012230340
H(0K): -11.027532445698
H(10K): -11.027405769681
G(10K): -11.027963568410
