Opt_connettivity: False
Electron: 17
Charge: +0
Spin: 0.5
E_tot: -8.798605593610
ZPE: 0.024156846337
H(0K): -8.774448747273
H(10K): -8.774322071257
G(10K): -8.774811254156
