Opt_connettivity: False
Electron: 18
Charge: +0
Spin: 1.0
E_tot: -9.487407119639
ZPE: 0.022222826310
H(0K): -9.465184293329001
H(10K): -9.465057615726
G(10K): -9.465584427741
