Opt_connettivity: True
Electron: 21
Charge: +0
Spin: 0.5
E_tot: -11.043326573571
ZPE: 0.014994029924
H(0K): -11.028332543646998
H(10K): -11.028205867523
G(10K): -11.028758314835
file: C4N1_16_S_1
Spin_M: 2
