Opt_connettivity: True
Electron: 16
Charge: +0
Spin: 1.0
E_tot: -9.103403668854
ZPE: 0.027889049349
H(0K): -9.075514619505
H(10K): -9.075387943490
G(10K): -9.075877528216
file: H2C2O1_5_S_2
Spin_M: 3
