Opt_connettivity: True
Electron: 18
Charge: +0
Spin: 0.0
E_tot: -11.271707076094
ZPE: 0.031468756405
H(0K): -11.240238319689
H(10K): -11.240111643673
G(10K): -11.240610682860
file: H2C1O2_1_S_0
Spin_M: 1
