Opt_connettivity: True
Electron: 12
Charge: +0
Spin: 1.0
E_tot: -6.390946889968
ZPE: 0.035289677019
H(0K): -6.3556572129490005
H(10K): -6.355530536933
G(10K): -6.355962845823
