Opt_connettivity: False
Electron: 21
Charge: +0
Spin: 1.5
E_tot: -10.982729321140
ZPE: 0.017929001461
H(0K): -10.964800319679
H(10K): -10.964673643663
G(10K): -10.965217236648
