Opt_connettivity: True
Electron: 16
Charge: +0
Spin: 0.0
E_tot: -9.278695993134
ZPE: 0.030356406036
H(0K): -9.248339587098
H(10K): -9.248212911082
G(10K): -9.248679564214
file: H2C2O1_4_S_0
Spin_M: 1
