Opt_connettivity: True
Electron: 12
Charge: +0
Spin: 1.0
E_tot: -6.044047298932
ZPE: 0.008418576608
H(0K): -6.035628722324
H(10K): -6.035517880811
G(10K): -6.035930965482
