Opt_connettivity: False
Electron: 15
Charge: +0
Spin: 0.5
E_tot: -8.037891939553
ZPE: 0.029346155590
H(0K): -8.008545783963001
H(10K): -8.008419107948
G(10K): -8.008904715425
