Opt_connettivity: True
Electron: 10
Charge: +0
Spin: 1.0
E_tot: -5.322975957160
ZPE: 0.012201161357
H(0K): -5.310774795803
H(10K): -5.310648119787
G(10K): -5.311049542003
