Opt_connettivity: False
Electron: 21
Charge: +0
Spin: 0.5
E_tot: -11.062693046737
ZPE: 0.018409230935
H(0K): -11.044283815802
H(10K): -11.044157139786
G(10K): -11.044665123493
