Opt_connettivity: True
Electron: 21
Charge: +0
Spin: 1.5
E_tot: -11.035856823982
ZPE: 0.016842642712
H(0K): -11.01901418127
H(10K): -11.018887505253
G(10K): -11.019448338392
