Opt_connettivity: True
Electron: 17
Charge: +0
Spin: 0.5
E_tot: -8.997020055205
ZPE: 0.011334591444
H(0K): -8.985685463761001
H(10K): -8.985558787746
G(10K): -8.986081024126
