Opt_connettivity: True
Electron: 10
Charge: +0
Spin: 0.0
E_tot: -5.504066162876
ZPE: 0.016258286458
H(0K): -5.487807876418
H(10K): -5.487697034904
G(10K): -5.488078674988
