Opt_connettivity: True
Electron: 16
Charge: +0
Spin: 1.0
E_tot: -8.786470428911
ZPE: 0.030227761125
H(0K): -8.756242667786001
H(10K): -8.756115991770
G(10K): -8.756608636884
