Opt_connettivity: False
Electron: 16
Charge: +0
Spin: 1.0
E_tot: -8.122483816642
ZPE: 0.013017617628
H(0K): -8.109466199014
H(10K): -8.109339522999
G(10K): -8.109808252250
