Opt_connettivity: True
Electron: 21
Charge: +0
Spin: 1.5
E_tot: -10.947517127151
ZPE: 0.016985714081
H(0K): -10.93053141307
H(10K): -10.930404737054
G(10K): -10.930950624278
