Opt_connettivity: True
Electron: 21
Charge: +0
Spin: 1.5
E_tot: -10.982730239451
ZPE: 0.017953198660
H(0K): -10.964777040790999
H(10K): -10.964650364775
G(10K): -10.965193949627
