Opt_connettivity: True
Electron: 17
Charge: +0
Spin: 1.5
E_tot: -8.925350372211
ZPE: 0.013622043610
H(0K): -8.911728328600999
H(10K): -8.911601652585
G(10K): -8.912117604298
