Opt_connettivity: True
Electron: 21
Charge: +0
Spin: 0.5
E_tot: -11.030301649686
ZPE: 0.016935420666
H(0K): -11.01336622902
H(10K): -11.013239553005
G(10K): -11.013783937434
