Opt_connettivity: False
Electron: 21
Charge: +0
Spin: 0.5
E_tot: -11.070876360565
ZPE: 0.018507434994
H(0K): -11.052368925571
H(10K): -11.052242249556
G(10K): -11.052762290707
