Opt_connettivity: True
Electron: 17
Charge: +0
Spin: 1.5
E_tot: -8.661534638787
ZPE: 0.021415915614
H(0K): -8.640118723173
H(10K): -8.639992047117
G(10K): -8.640498170633
