Opt_connettivity: False
Electron: 18
Charge: +0
Spin: 1.0
E_tot: -9.541266899460
ZPE: 0.023189147196
H(0K): -9.518077752264
H(10K): -9.517951076248
G(10K): -9.518476431394
