Opt_connettivity: True
Electron: 7
Charge: +0
Spin: 0.5
E_tot: -3.562970060943
ZPE: 0.029259032195
H(0K): -3.533711028748
H(10K): -3.533584352732
G(10K): -3.533861973094
