Opt_connettivity: False
Electron: 21
Charge: +0
Spin: 1.5
E_tot: -11.096033827664
ZPE: 0.017187332532
H(0K): -11.078846495132
H(10K): -11.078719811994
G(10K): -11.079168566725
