Opt_connettivity: True
Electron: 14
Charge: +0
Spin: 0.0
E_tot: -7.243414113960
ZPE: 0.031463178672
H(0K): -7.211950935288
H(10K): -7.211824259272
G(10K): -7.212284045539
