Opt_connettivity: True
Electron: 13
Charge: +0
Spin: 0.5
E_tot: -7.623149406171
ZPE: 0.029992101655
H(0K): -7.593157304516
H(10K): -7.593030628500
G(10K): -7.593436311913
