Opt_connettivity: True
Electron: 11
Charge: +0
Spin: 0.5
E_tot: -5.957097919168
ZPE: 0.024062315183
H(0K): -5.933035603984999
H(10K): -5.932908927969
G(10K): -5.933304293938
file: H2C1N1_0_S_1
Spin_M: 2
