Opt_connettivity: True
Electron: 17
Charge: +0
Spin: 0.5
E_tot: -8.798609990503
ZPE: 0.024167262388
H(0K): -8.774442728115
H(10K): -8.774316052100
G(10K): -8.774806101383
