Opt_connettivity: True
Electron: 16
Charge: +0
Spin: 0.0
E_tot: -10.308452201565
ZPE: 0.011890411907
H(0K): -10.296561789658
H(10K): -10.296450948145
G(10K): -10.296875881247
file: C1O2_0_S_0
Spin_M: 1
