Opt_connettivity: True
Electron: 16
Charge: +0
Spin: 1.0
E_tot: -9.157861059443
ZPE: 0.029128971563
H(0K): -9.12873208788
H(10K): -9.128605411864
G(10K): -9.129101701478
file: H2C2O1_1_S_2
Spin_M: 3
