Opt_connettivity: False
Electron: 16
Charge: +0
Spin: 1.0
E_tot: -8.122483994543
ZPE: 0.013013972894
H(0K): -8.109470021648999
H(10K): -8.109343345633
G(10K): -8.109812081790
