Opt_connettivity: True
Electron: 16
Charge: +0
Spin: 0.0
E_tot: -8.826434941162
ZPE: 0.030963635736
H(0K): -8.795471305426
H(10K): -8.795344629411
G(10K): -8.795810856529
