Opt_connettivity: True
Electron: 15
Charge: +0
Spin: 1.5
E_tot: -7.864905359418
ZPE: 0.028480840722
H(0K): -7.836424518696
H(10K): -7.836297842681
G(10K): -7.836785202983
