Opt_connettivity: True
Electron: 15
Charge: +0
Spin: 1.5
E_tot: -7.852050242200
ZPE: 0.028009847895
H(0K): -7.824040394304999
H(10K): -7.823913718289
G(10K): -7.824406974623
