Opt_connettivity: True
Electron: 12
Charge: +0
Spin: 0.0
E_tot: -6.535557485983
ZPE: 0.038345264931
H(0K): -6.497212221052
H(10K): -6.497085545036
G(10K): -6.497515385835
