Opt_connettivity: False
Electron: 21
Charge: +0
Spin: 0.5
E_tot: -11.043323779161
ZPE: 0.014999763553
H(0K): -11.028324015608
H(10K): -11.028197339558
G(10K): -11.028749894183
