Opt_connettivity: False
Electron: 20
Charge: +0
Spin: 1.0
E_tot: -10.199165793452
ZPE: 0.016350147012
H(0K): -10.18281564644
H(10K): -10.182688970425
G(10K): -10.183242768298
