Opt_connettivity: True
Electron: 11
Charge: +0
Spin: 0.5
E_tot: -6.595155121570
ZPE: 0.013092507713
H(0K): -6.582062613857
H(10K): -6.581935937842
G(10K): -6.582335151927
