Opt_connettivity: True
Electron: 18
Charge: +0
Spin: 1.0
E_tot: -9.518090822992
ZPE: 0.023937142270
H(0K): -9.494153680722
H(10K): -9.494027004706
G(10K): -9.494547715708
file: H1C3N1_30_S_2
Spin_M: 3
