Opt_connettivity: True
Electron: 14
Charge: +0
Spin: 1.0
E_tot: -7.143675298214
ZPE: 0.027603428686
H(0K): -7.1160718695280005
H(10K): -7.115945193513
G(10K): -7.116428131945
