Opt_connettivity: True
Electron: 20
Charge: +0
Spin: 1.0
E_tot: -10.243021641107
ZPE: 0.016926863631
H(0K): -10.226094777476
H(10K): -10.225968079223
G(10K): -10.226503053557
