Opt_connettivity: True
Electron: 12
Charge: +0
Spin: 1.0
E_tot: -6.411596360654
ZPE: 0.034147978609
H(0K): -6.377448382045
H(10K): -6.377321706030
G(10K): -6.377754587318
