Opt_connettivity: False
Electron: 21
Charge: +0
Spin: 1.5
E_tot: -10.977606916443
ZPE: 0.016258241920
H(0K): -10.961348674523
H(10K): -10.961221998507
G(10K): -10.961767093399
