Opt_connettivity: True
Electron: 18
Charge: +0
Spin: 1.0
E_tot: -9.560938227321
ZPE: 0.024259603566
H(0K): -9.536678623755
H(10K): -9.536551947739
G(10K): -9.537061293539
