Opt_connettivity: True
Electron: 16
Charge: +0
Spin: 1.0
E_tot: -8.011989970609
ZPE: 0.010227799614
H(0K): -8.001762170994999
H(10K): -8.001635494979
G(10K): -8.002125009595
file: C4_0_S_2
Spin_M: 3
