Opt_connettivity: True
Electron: 21
Charge: +0
Spin: 1.5
E_tot: -11.038940673881
ZPE: 0.017784149819
H(0K): -11.021156524061999
H(10K): -11.021029848046
G(10K): -11.021581593618
