Opt_connettivity: True
Electron: 15
Charge: +0
Spin: 1.5
E_tot: -7.826525186156
ZPE: 0.024921799374
H(0K): -7.801603386782
H(10K): -7.801476710767
G(10K): -7.801972226541
