Opt_connettivity: True
Electron: 15
Charge: +0
Spin: 1.5
E_tot: -7.936942382734
ZPE: 0.028288033544
H(0K): -7.90865434919
H(10K): -7.908527673174
G(10K): -7.909018714082
file: H2C2N1_2_S_3
Spin_M: 4
