Opt_connettivity: True
Electron: 21
Charge: +0
Spin: 1.5
E_tot: -11.003502805109
ZPE: 0.017265442912
H(0K): -10.986237362196999
H(10K): -10.986110686182
G(10K): -10.986668516813
