Opt_connettivity: True
Electron: 21
Charge: +0
Spin: 1.5
E_tot: -11.011981903411
ZPE: 0.015998291161
H(0K): -10.995983612249999
H(10K): -10.995856936227
G(10K): -10.996415063005
