Opt_connettivity: True
Electron: 5
Charge: +0
Spin: 0.5
E_tot: -2.609452454822
ZPE: 0.000000000000
H(0K): -2.609452454822
H(10K): -2.609373282312
G(10K): -2.609643952695
file: N1_0_S_1
Spin_M: 4
