Opt_connettivity: False
Electron: 18
Charge: +0
Spin: 0.0
E_tot: -9.584860943091
ZPE: 0.025043159581
H(0K): -9.55981778351
H(10K): -9.559691107494
G(10K): -9.560209946760
