Opt_connettivity: True
Electron: 7
Charge: +0
Spin: 1.5
E_tot: -3.203245834866
ZPE: 0.005998121371
H(0K): -3.197247713495
H(10K): -3.197121037480
G(10K): -3.197430060888
