Opt_connettivity: True
Electron: 10
Charge: +0
Spin: 0.0
E_tot: -5.206771510249
ZPE: 0.026467943474
H(0K): -5.180303566775001
H(10K): -5.180192725262
G(10K): -5.180558098907
file: H2C2_1_S_0
Spin_M: 1
