Opt_connettivity: True
Electron: 21
Charge: +0
Spin: 0.5
E_tot: -11.062693057981
ZPE: 0.018423418405
H(0K): -11.044269639576001
H(10K): -11.044142963561
G(10K): -11.044650927285
file: C4N1_57_S_1
Spin_M: 2
