Opt_connettivity: False
Electron: 21
Charge: +0
Spin: 1.5
E_tot: -11.002389899129
ZPE: 0.016421805010
H(0K): -10.985968094119
H(10K): -10.985841418103
G(10K): -10.986398435585
