Opt_connettivity: True
Electron: 18
Charge: +0
Spin: 0.0
E_tot: -9.539704468228
ZPE: 0.023789865162
H(0K): -9.515914603066001
H(10K): -9.515787927050
G(10K): -9.516307189213
file: H1C3N1_25_S_0
Spin_M: 1
