Opt_connettivity: True
Electron: 18
Charge: +0
Spin: 1.0
E_tot: -9.541389220245
ZPE: 0.021768338956
H(0K): -9.519620881288999
H(10K): -9.519494205274
G(10K): -9.520023206942
file: H1C3N1_22_S_2
Spin_M: 3
