Opt_connettivity: True
Electron: 12
Charge: +0
Spin: 0.0
E_tot: -6.475269923617
ZPE: 0.037493203410
H(0K): -6.437776720206999
H(10K): -6.437650044191
G(10K): -6.438080530947
file: H3C1N1_2_S_0
Spin_M: 1
