Opt_connettivity: True
Electron: 21
Charge: +0
Spin: 1.5
E_tot: -10.997011204589
ZPE: 0.016773449811
H(0K): -10.980237754778
H(10K): -10.980111078762
G(10K): -10.980662809689
