Opt_connettivity: True
Electron: 11
Charge: +0
Spin: 1.5
E_tot: -5.497792424676
ZPE: 0.033047019127
H(0K): -5.4647454055489995
H(10K): -5.464618729533
G(10K): -5.465052322614
