Opt_connettivity: True
Electron: 10
Charge: +0
Spin: 1.5
E_tot: -5.605808727203
ZPE: 0.004870180484
H(0K): -5.600938546719
H(10K): -5.600827705206
G(10K): -5.601183743690
