Opt_connettivity: True
Electron: 16
Charge: +0
Spin: 1.0
E_tot: -8.806810333168
ZPE: 0.029044098060
H(0K): -8.777766235108
H(10K): -8.777639559092
G(10K): -8.778128220580
