Opt_connettivity: False
Electron: 21
Charge: +0
Spin: 0.5
E_tot: -11.151411160549
ZPE: 0.019092819977
H(0K): -11.132318340571999
H(10K): -11.132191664556
G(10K): -11.132753044565
