Opt_connettivity: True
Electron: 11
Charge: +0
Spin: 0.5
E_tot: -5.946140777776
ZPE: 0.024058007890
H(0K): -5.922082769886
H(10K): -5.921956093870
G(10K): -5.922366874454
file: H2C1N1_1_S_1
Spin_M: 2
