Opt_connettivity: False
Electron: 17
Charge: +0
Spin: 1.5
E_tot: -8.648021955922
ZPE: 0.024077667286
H(0K): -8.623944288635998
H(10K): -8.623817612621
G(10K): -8.624336536096
