Opt_connettivity: True
Electron: 21
Charge: +0
Spin: 0.5
E_tot: -11.088056167822
ZPE: 0.017654977199
H(0K): -11.070401190623
H(10K): -11.070274514608
G(10K): -11.070824340685
file: C4N1_39_S_1
Spin_M: 2
