Opt_connettivity: False
Electron: 21
Charge: +0
Spin: 1.5
E_tot: -10.964104577632
ZPE: 0.018026235158
H(0K): -10.946078342474
H(10K): -10.945951666458
G(10K): -10.946451570670
