Opt_connettivity: True
Electron: 21
Charge: +0
Spin: 0.5
E_tot: -11.071354969785
ZPE: 0.016174766303
H(0K): -11.055180203482001
H(10K): -11.055053527467
G(10K): -11.055613983428
file: C4N1_24_S_1
Spin_M: 2
