Opt_connettivity: False
Electron: 15
Charge: +0
Spin: 0.5
E_tot: -8.008881643647
ZPE: 0.030523698214
H(0K): -7.978357945432999
H(10K): -7.978231269417
G(10K): -7.978716614064
