Opt_connettivity: True
Electron: 17
Charge: +0
Spin: 1.5
E_tot: -8.571297788743
ZPE: 0.020702604910
H(0K): -8.550595183833
H(10K): -8.550468507818
G(10K): -8.550995582813
file: H1C4_5_S_3
Spin_M: 4
