Opt_connettivity: False
Electron: 15
Charge: +0
Spin: 0.5
E_tot: -7.955659639310
ZPE: 0.031566919557
H(0K): -7.924092719753
H(10K): -7.923966043738
G(10K): -7.924430331597
