Opt_connettivity: True
Electron: 12
Charge: +0
Spin: 1.0
E_tot: -7.288195731676
ZPE: 0.012903517859
H(0K): -7.275292213817
H(10K): -7.275165537801
G(10K): -7.275575739621
