Opt_connettivity: True
Electron: 15
Charge: +0
Spin: 0.5
E_tot: -8.070212495143
ZPE: 0.029960775378
H(0K): -8.040251719765001
H(10K): -8.040125043750
G(10K): -8.040576025711
file: H2C2N1_8_S_1
Spin_M: 2
