Opt_connettivity: True
Electron: 15
Charge: +0
Spin: 1.5
E_tot: -7.939647401941
ZPE: 0.028315937552
H(0K): -7.911331464389001
H(10K): -7.911204788373
G(10K): -7.911667925338
