Opt_connettivity: True
Electron: 15
Charge: +0
Spin: 0.5
E_tot: -8.879992189623
ZPE: 0.008026669276
H(0K): -8.871965520347
H(10K): -8.871838844331
G(10K): -8.872316756121
file: C1N1O1_3_S_1
Spin_M: 2
