Opt_connettivity: True
Electron: 12
Charge: +0
Spin: 0.0
E_tot: -7.300259369405
ZPE: 0.012133919235
H(0K): -7.288125450170001
H(10K): -7.287998774154
G(10K): -7.288407968752
