Opt_connettivity: True
Electron: 18
Charge: +0
Spin: 0.0
E_tot: -9.597384129425
ZPE: 0.022240627595
H(0K): -9.57514350183
H(10K): -9.575016825815
G(10K): -9.575536406478
