Opt_connettivity: False
Electron: 20
Charge: +0
Spin: 0.0
E_tot: -10.328733898268
ZPE: 0.018268949189
H(0K): -10.310464949079
H(10K): -10.310338272882
G(10K): -10.310751718728
