Opt_connettivity: True
Electron: 17
Charge: +0
Spin: 0.5
E_tot: -9.042349664780
ZPE: 0.013008719146
H(0K): -9.029340945633999
H(10K): -9.029214269618
G(10K): -9.029714921870
file: C3N1_6_S_1
Spin_M: 2
