Opt_connettivity: True
Electron: 18
Charge: +0
Spin: 1.0
E_tot: -9.549488043400
ZPE: 0.023993536856
H(0K): -9.525494506544
H(10K): -9.525367830529
G(10K): -9.525898878916
