Opt_connettivity: True
Electron: 21
Charge: +0
Spin: 1.5
E_tot: -11.010159896036
ZPE: 0.015836589080
H(0K): -10.994323306956002
H(10K): -10.994196630940
G(10K): -10.994731909616
