Opt_connettivity: False
Electron: 21
Charge: +0
Spin: 0.5
E_tot: -11.151410472269
ZPE: 0.019094512647
H(0K): -11.132315959622
H(10K): -11.132189283607
G(10K): -11.132750661426
