Opt_connettivity: False
Electron: 21
Charge: +0
Spin: 0.5
E_tot: -11.078443044268
ZPE: 0.016207883722
H(0K): -11.062235160546
H(10K): -11.062108484530
G(10K): -11.062659031931
