Opt_connettivity: True
Electron: 21
Charge: +0
Spin: 0.5
E_tot: -11.088051296424
ZPE: 0.017623596396
H(0K): -11.070427700028
H(10K): -11.070301024012
G(10K): -11.070850861275
file: C4N1_30_S_1
Spin_M: 2
