Opt_connettivity: True
Electron: 20
Charge: +0
Spin: 1.0
E_tot: -10.174003496876
ZPE: 0.016918451119
H(0K): -10.157085045757
H(10K): -10.156958369742
G(10K): -10.157480168848
file: C5_18_S_2
Spin_M: 3
