Opt_connettivity: True
Electron: 12
Charge: +0
Spin: 1.0
E_tot: -7.316376638303
ZPE: 0.013406437071
H(0K): -7.302970201232
H(10K): -7.302843525217
G(10K): -7.303249160109
