Opt_connettivity: False
Electron: 16
Charge: +0
Spin: 0.0
E_tot: -9.278696669996
ZPE: 0.030357117867
H(0K): -9.248339552129
H(10K): -9.248212876114
G(10K): -9.248679508390
