Opt_connettivity: False
Electron: 21
Charge: +0
Spin: 0.5
E_tot: -11.070878402479
ZPE: 0.018500348024
H(0K): -11.052378054455
H(10K): -11.052251378440
G(10K): -11.052771428368
