Opt_connettivity: True
Electron: 18
Charge: +0
Spin: 1.0
E_tot: -9.491222637752
ZPE: 0.023434324591
H(0K): -9.467788313161
H(10K): -9.467661637146
G(10K): -9.468178826373
