Opt_connettivity: False
Electron: 18
Charge: +0
Spin: 0.0
E_tot: -9.654444293811
ZPE: 0.024550077813
H(0K): -9.629894215998
H(10K): -9.629767539982
G(10K): -9.630251497708
