Opt_connettivity: False
Electron: 13
Charge: +0
Spin: 1.5
E_tot: -7.436845092756
ZPE: 0.022354641436
H(0K): -7.41449045132
H(10K): -7.414355265788
G(10K): -7.414838728924
