Opt_connettivity: False
Electron: 21
Charge: +0
Spin: 1.5
E_tot: -11.011981447572
ZPE: 0.016020213087
H(0K): -10.995961234485
H(10K): -10.995834558466
G(10K): -10.996392728214
