Opt_connettivity: False
Electron: 21
Charge: +0
Spin: 1.5
E_tot: -11.026083053150
ZPE: 0.016815381396
H(0K): -11.009267671754
H(10K): -11.009140995738
G(10K): -11.009698763591
