Opt_connettivity: False
Electron: 15
Charge: +0
Spin: 0.5
E_tot: -8.020208060355
ZPE: 0.031955418050
H(0K): -7.9882526423049995
H(10K): -7.988125966289
G(10K): -7.988611493772
