Opt_connettivity: False
Electron: 21
Charge: +0
Spin: 0.5
E_tot: -11.070877595268
ZPE: 0.018496595301
H(0K): -11.052380999967
H(10K): -11.052254323951
G(10K): -11.052774389669
