Opt_connettivity: False
Electron: 21
Charge: +0
Spin: 1.5
E_tot: -11.002390295800
ZPE: 0.016430386163
H(0K): -10.985959909637
H(10K): -10.985833233621
G(10K): -10.986390233883
