Opt_connettivity: True
Electron: 16
Charge: +0
Spin: 1.0
E_tot: -8.688496214925
ZPE: 0.024535676462
H(0K): -8.663960538463
H(10K): -8.663833862446
G(10K): -8.664307705367
file: H2C1N2_6_S_2
Spin_M: 3
