Opt_connettivity: True
Electron: 5
Charge: +0
Spin: 1.5
E_tot: -2.605824161471
ZPE: 0.000000000000
H(0K): -2.605824161471
H(10K):  -2.605744988961
G(10K): -2.606015659344
