Opt_connettivity: False
Electron: 18
Charge: +0
Spin: 0.0
E_tot: -9.638885817551
ZPE: 0.024202184089
H(0K): -9.614683633461999
H(10K): -9.614572791948
G(10K): -9.615053777298
