Opt_connettivity: True
Electron: 20
Charge: +0
Spin: 0.0
E_tot: -10.231477662321
ZPE: 0.015911735545
H(0K): -10.215565926776
H(10K): -10.215439250761
G(10K): -10.215969086852
