Opt_connettivity: False
Electron: 21
Charge: +0
Spin: 0.5
E_tot: -11.183185676148
ZPE: 0.017957553692
H(0K): -11.165228122456
H(10K): -11.165101446386
G(10K): -11.165510635050
