Opt_connettivity: True
Electron: 18
Charge: +0
Spin: 1.0
E_tot: -11.089675299548
ZPE: 0.027186750841
H(0K): -11.062488548707
H(10K): -11.062361872691
G(10K): -11.062843933513
file: H2C1O2_0_S_2
Spin_M: 3
