Opt_connettivity: True
Electron: 16
Charge: +0
Spin: 0.0
E_tot: -10.067745404366
ZPE: 0.008028007170
H(0K): -10.059717397196001
H(10K): -10.059590721180
G(10K): -10.060050755258
file: C1O2_2_S_0
Spin_M: 1
