Opt_connettivity: True
Electron: 8
Charge: +0
Spin: 0.0
E_tot: -4.045689274457
ZPE: 0.005422406559
H(0K): -4.040266867898
H(10K): -4.040156026384
G(10K): -4.040500180349
file: C2_0_S_0
Spin_M: 1
