Opt_connettivity: True
Electron: 9
Charge: +0
Spin: 1.5
E_tot: -4.656433565938
ZPE: 0.003782333736
H(0K): -4.652651232202
H(10K): -4.652540390688
G(10K): -4.652919484707
