Opt_connettivity: True
Electron: 18
Charge: +0
Spin: 1.0
E_tot: -9.550898530240
ZPE: 0.022132137037
H(0K): -9.528766393203
H(10K): -9.528639717187
G(10K): -9.529148260617
