Opt_connettivity: True
Electron: 10
Charge: +0
Spin: 0.0
E_tot: -5.763935392238
ZPE: 0.005551251567
H(0K): -5.758384140671001
H(10K): -5.758273299157
G(10K): -5.758626119114
file: N2_0_S_0
Spin_M: 1
