Opt_connettivity: False
Electron: 20
Charge: +0
Spin: 0.0
E_tot: -10.212762198641
ZPE: 0.015710597475
H(0K): -10.197051601166
H(10K): -10.196924925065
G(10K): -10.197473646872
