Opt_connettivity: True
Electron: 15
Charge: +0
Spin: 1.5
E_tot: -7.878659732602
ZPE: 0.028645129316
H(0K): -7.8500146032860005
H(10K): -7.849887927270
G(10K): -7.850376982747
