Opt_connettivity: True
Electron: 15
Charge: +0
Spin: 0.5
E_tot: -8.023390865908
ZPE: 0.030872445719
H(0K): -7.9925184201890005
H(10K): -7.992391744174
G(10K): -7.992869629910
file: H2C2N1_3_S_1
Spin_M: 2
