Opt_connettivity: False
Electron: 18
Charge: +0
Spin: 0.0
E_tot: -9.638881034587
ZPE: 0.023782249575
H(0K): -9.615098785012
H(10K): -9.614972108997
G(10K): -9.615366816059
