Opt_connettivity: True
Electron: 15
Charge: +0
Spin: 0.5
E_tot: -8.014698810896
ZPE: 0.028520024403
H(0K): -7.986178786493
H(10K): -7.986052110478
G(10K): -7.986536578765
file: H2C2N1_12_S_1
Spin_M: 2
