Opt_connettivity: False
Electron: 20
Charge: +0
Spin: 1.0
E_tot: -10.183167401131
ZPE: 0.016940103695
H(0K): -10.166227297436
H(10K): -10.166100621420
G(10K): -10.166621610775
