Opt_connettivity: True
Electron: 13
Charge: +0
Spin: 0.5
E_tot: -6.631266471910
ZPE: 0.017423928751
H(0K): -6.613842543159
H(10K): -6.613715867143
G(10K): -6.614168279591
