Opt_connettivity: True
Electron: 17
Charge: +0
Spin: 1.5
E_tot: -8.621206335926
ZPE: 0.022124997436
H(0K): -8.59908133849
H(10K): -8.598954662474
G(10K): -8.599481525121
