Opt_connettivity: True
Electron: 18
Charge: +0
Spin: 1.0
E_tot: -10.119252784336
ZPE: 0.012687141175
H(0K): -10.106565643161
H(10K): -10.106438967146
G(10K): -10.106957388621
