Opt_connettivity: True
Electron: 21
Charge: +0
Spin: 1.5
E_tot: -10.923658719227
ZPE: 0.013196764846
H(0K): -10.910461954380999
H(10K): -10.910335278366
G(10K): -10.910869864052
file: C4N1_29_S_3
Spin_M: 4
