Opt_connettivity: False
Electron: 18
Charge: +0
Spin: 0.0
E_tot: -11.291508900760
ZPE: 0.020767840355
H(0K): -11.270741060405001
H(10K): -11.270612769858
G(10K): -11.271124162718
