Opt_connettivity: True
Electron: 13
Charge: +0
Spin: 0.5
E_tot: -6.561225035963
ZPE: 0.015795169076
H(0K): -6.545429866887
H(10K): -6.545303190871
G(10K): -6.545760949629
file: H1C3_0_S_1
Spin_M: 2
