Opt_connettivity: True
Electron: 16
Charge: +0
Spin: 1.0
E_tot: -9.048749899886
ZPE: 0.025171531383
H(0K): -9.023578368503
H(10K): -9.023451692488
G(10K): -9.023949374221
