Opt_connettivity: False
Electron: 15
Charge: +0
Spin: 1.5
E_tot: -7.802454041843
ZPE: 0.028550839304
H(0K): -7.7739032025390005
H(10K): -7.773776526523
G(10K): -7.774244148099
