Opt_connettivity: True
Electron: 20
Charge: +0
Spin: 1.0
E_tot: -10.169944697665
ZPE: 0.015984474759
H(0K): -10.153960222906
H(10K): -10.153833546891
G(10K): -10.154354429276
file: C5_16_S_2
Spin_M: 3
