Opt_connettivity: False
Electron: 21
Charge: +0
Spin: 0.5
E_tot: -11.123822860707
ZPE: 0.018669234975
H(0K): -11.105153625732
H(10K): -11.105026949716
G(10K): -11.105585740014
