Opt_connettivity: False
Electron: 21
Charge: +0
Spin: 0.5
E_tot: -11.151412442802
ZPE: 0.019097501754
H(0K): -11.132314941048
H(10K): -11.132188265033
G(10K): -11.132749645981
