Opt_connettivity: True
Electron: 13
Charge: +0
Spin: 1.5
E_tot: -6.888410989835
ZPE: 0.009483953320
H(0K): -6.878927036515
H(10K): -6.878816195001
G(10K): -6.879254290944
