Opt_connettivity: True
Electron: 11
Charge: +0
Spin: 0.5
E_tot: -5.662475335901
ZPE: 0.035191516795
H(0K): -5.627283819106
H(10K): -5.627157143090
G(10K): -5.627582250689
file: H3C2_1_S_1
Spin_M: 2
