Opt_connettivity: True
Electron: 17
Charge: +0
Spin: 0.5
E_tot: -8.708806882003
ZPE: 0.021476086580
H(0K): -8.687330795423
H(10K): -8.687204119407
G(10K): -8.687723338601
