Opt_connettivity: False
Electron: 20
Charge: +0
Spin: 0.0
E_tot: -10.247511315205
ZPE: 0.018582354482
H(0K): -10.228928960723
H(10K): -10.228802284708
G(10K): -10.229287655983
