Opt_connettivity: False
Electron: 16
Charge: +0
Spin: 0.0
E_tot: -8.789769139694
ZPE: 0.030711457645
H(0K): -8.759057682049
H(10K): -8.758931006033
G(10K): -8.759419981994
