Opt_connettivity: True
Electron: 12
Charge: +0
Spin: 0.0
E_tot: -7.352959527087
ZPE: 0.013367095785
H(0K): -7.339592431302
H(10K): -7.339465755286
G(10K): -7.339874688969
file: H1N1O1_1_S_0
Spin_M: 1
