Opt_connettivity: False
Electron: 21
Charge: +0
Spin: 1.5
E_tot: -11.036761112602
ZPE: 0.017062794011
H(0K): -11.019698318591
H(10K): -11.019571642575
G(10K): -11.020101561433
