Opt_connettivity: True
Electron: 13
Charge: +0
Spin: 0.5
E_tot: -7.627255536597
ZPE: 0.033636064961
H(0K): -7.593619471636
H(10K): -7.593492795620
G(10K): -7.593931136126
