Opt_connettivity: True
Electron: 6
Charge: +0
Spin: 1.0
E_tot: -2.938303568254
ZPE: 0.016753897773
H(0K): -2.9215496704810002
H(10K): -2.921422994465
G(10K): -2.921698591903
