Opt_connettivity: True
Electron: 17
Charge: +0
Spin: 0.5
E_tot: -10.906101729568
ZPE: 0.009135410241
H(0K): -10.896966319327
H(10K): -10.896839643312
G(10K): -10.897293858280
file: N1O2_0_S_1
Spin_M: 2
