Opt_connettivity: True
Electron: 18
Charge: +0
Spin: 1.0
E_tot: -9.521837975984
ZPE: 0.021881505684
H(0K): -9.4999564703
H(10K): -9.499829794285
G(10K): -9.500357340019
file: H1C3N1_13_S_2
Spin_M: 3
