Opt_connettivity: True
Electron: 18
Charge: +0
Spin: 0.0
E_tot: -9.694952572195
ZPE: 0.025265428387
H(0K): -9.669687143808
H(10K): -9.669560467792
G(10K): -9.669948857807
file: H1C3N1_12_S_0
Spin_M: 1
