Opt_connettivity: True
Electron: 18
Charge: +0
Spin: 1.0
E_tot: -10.207883165406
ZPE: 0.013211038550
H(0K): -10.194672126856
H(10K): -10.194545450840
G(10K): -10.195045149084
