Opt_connettivity: True
Electron: 13
Charge: +0
Spin: 1.5
E_tot: -6.530916585001
ZPE: 0.018735951094
H(0K): -6.512180633907
H(10K): -6.512053957891
G(10K): -6.512530148867
