Opt_connettivity: True
Electron: 18
Charge: +0
Spin: 1.0
E_tot: -9.463961379485
ZPE: 0.024166326345
H(0K): -9.43979505314
H(10K): -9.439668377124
G(10K): -9.440189663070
