Opt_connettivity: False
Electron: 16
Charge: +0
Spin: 0.0
E_tot: -10.067745434062
ZPE: 0.008026285086
H(0K): -10.059719148975999
H(10K): -10.059592472960
G(10K): -10.060052505534
