Opt_connettivity: False
Electron: 18
Charge: +0
Spin: 0.0
E_tot: -9.537905291282
ZPE: 0.024891410999
H(0K): -9.513013880283
H(10K): -9.512887204267
G(10K): -9.513406215884
