Opt_connettivity: True
Electron: 21
Charge: +0
Spin: 0.5
E_tot: -11.036963747125
ZPE: 0.016564821951
H(0K): -11.020398925174
H(10K): -11.020272249158
G(10K): -11.020796535442
file: C4N1_52_S_1
Spin_M: 2
