Opt_connettivity: False
Electron: 20
Charge: +0
Spin: 1.0
E_tot: -10.273377010664
ZPE: 0.017068621142
H(0K): -10.256308389522
H(10K): -10.256197547982
G(10K): -10.256685425568
