Opt_connettivity: True
Electron: 18
Charge: +0
Spin: 1.0
E_tot: -9.518123065295
ZPE: 0.023254472264
H(0K): -9.494868593031
H(10K): -9.494741917015
G(10K): -9.495269455189
