Opt_connettivity: True
Electron: 12
Charge: +0
Spin: 1.0
E_tot: -6.299063909966
ZPE: 0.036301720783
H(0K): -6.262762189182999
H(10K): -6.262635513168
G(10K): -6.263043755730
