Opt_connettivity: True
Electron: 18
Charge: +0
Spin: 1.0
E_tot: -9.513658205822
ZPE: 0.023534358511
H(0K): -9.490123847311
H(10K): -9.489997171295
G(10K): -9.490516948273
file: H1C3N1_26_S_2
Spin_M: 3
