Opt_connettivity: False
Electron: 14
Charge: +0
Spin: 1.0
E_tot: -7.214273266336
ZPE: 0.026236737170
H(0K): -7.188036529166
H(10K): -7.187909852628
G(10K): -7.188285748072
