Opt_connettivity: True
Electron: 15
Charge: +0
Spin: 1.5
E_tot: -7.910121478899
ZPE: 0.029262385911
H(0K): -7.880859092988
H(10K): -7.880732416972
G(10K): -7.881218774987
