Opt_connettivity: True
Electron: 18
Charge: +0
Spin: 0.0
E_tot: -9.638884761560
ZPE: 0.023650613594
H(0K): -9.615234147966
H(10K): -9.615107471950
G(10K): -9.615483839897
