Opt_connettivity: True
Electron: 17
Charge: +0
Spin: 1.5
E_tot: -10.729942453344
ZPE: 0.007055128959
H(0K): -10.722887324385
H(10K): -10.722760648370
G(10K): -10.723228876604
