Opt_connettivity: False
Electron: 18
Charge: +0
Spin: 1.0
E_tot: -11.089675707796
ZPE: 0.027204014073
H(0K): -11.062471693723
H(10K): -11.062345017707
G(10K): -11.062827089866
