Opt_connettivity: True
Electron: 15
Charge: +0
Spin: 0.5
E_tot: -8.043567291031
ZPE: 0.027549688880
H(0K): -8.016017602150999
H(10K): -8.015890926114
G(10K): -8.016331284383
file: H2C2N1_9_S_1
Spin_M: 2
