Opt_connettivity: True
Electron: 20
Charge: +0
Spin: 1.0
E_tot: -10.178269353925
ZPE: 0.013383545559
H(0K): -10.164885808366
H(10K): -10.164759132350
G(10K): -10.165243327133
