Opt_connettivity: False
Electron: 16
Charge: +0
Spin: 0.0
E_tot: -8.870726965766
ZPE: 0.032174170571
H(0K): -8.838552795195
H(10K): -8.838426119180
G(10K): -8.838915061622
