Opt_connettivity: True
Electron: 14
Charge: +0
Spin: 0.0
E_tot: -9.054669517930
ZPE: 0.024937566399
H(0K): -9.029731951531
H(10K): -9.029605275515
G(10K): -9.030020077735
file: H2O2_0_S_0
Spin_M: 1
