Opt_connettivity: True
Electron: 17
Charge: +0
Spin: 0.5
E_tot: -8.979183591683
ZPE: 0.009870342553
H(0K): -8.96931324913
H(10K): -8.969186573073
G(10K): -8.969678943666
file: C3N1_7_S_1
Spin_M: 2
