Opt_connettivity: True
Electron: 20
Charge: +0
Spin: 0.0
E_tot: -10.242975691258
ZPE: 0.016599391311
H(0K): -10.226376299946999
H(10K): -10.226249623931
G(10K): -10.226790210004
file: C5_4_S_0
Spin_M: 1
