Opt_connettivity: True
Electron: 11
Charge: +0
Spin: 1.5
E_tot: -6.660948926730
ZPE: 0.003904032323
H(0K): -6.657044894407
H(10K): -6.656934052893
G(10K): -6.657320923446
