Opt_connettivity: True
Electron: 17
Charge: +0
Spin: 0.5
E_tot: -8.979181931809
ZPE: 0.009894493533
H(0K): -8.969287438276
H(10K): -8.969160762248
G(10K): -8.969653182720
file: C3N1_9_S_1
Spin_M: 2
