Opt_connettivity: False
Electron: 18
Charge: +0
Spin: 0.0
E_tot: -9.600287704144
ZPE: 0.024367250718
H(0K): -9.575920453425999
H(10K): -9.575793777411
G(10K): -9.576322230166
